System command:
ls /Users/srp33/Dropbox/ShinyLearner/Validation/StrongSignal_Both.tsv.gz
Sep 20, 2016 3:56:17 PM com.linkedin.paldb.impl.StoreImpl createWriter
INFO: Initialize writer from file id.d1c370ba-c126-4ae3-9c35-24181442e9db.db
Sep 20, 2016 3:56:17 PM com.linkedin.paldb.impl.WriterImpl <init>
INFO: Opening writer storage
Sep 20, 2016 3:56:17 PM com.linkedin.paldb.impl.StorageWriter <init>
INFO: Creating temporary folder at /var/folders/xh/37l9g3550y1bztlhv6q5ytcw0000gp/T/paldbtempwriter1474408577395-0
shinylearner.dataprocessors.DelimitedDataProcessor
Parsing input data from /Users/srp33/Dropbox/ShinyLearner/Validation/StrongSignal_Both.tsv.gz
Sep 20, 2016 3:56:17 PM com.linkedin.paldb.impl.WriterImpl close
INFO: Closing writer storage, writing to file at /var/folders/xh/37l9g3550y1bztlhv6q5ytcw0000gp/T/tmp.evvRAIa6/id.d1c370ba-c126-4ae3-9c35-24181442e9db.db
Sep 20, 2016 3:56:17 PM com.linkedin.paldb.impl.StorageWriter close
INFO: Number of keys: 9,060
Sep 20, 2016 3:56:17 PM com.linkedin.paldb.impl.StorageWriter close
INFO: Number of values: 5,111
Sep 20, 2016 3:56:17 PM com.linkedin.paldb.impl.StorageWriter buildIndex
INFO: Built index file index19.dat
  Max offset length: 1 bytes
  Slot size: 20 bytes
Sep 20, 2016 3:56:17 PM com.linkedin.paldb.impl.StorageWriter buildIndex
INFO: Temporary index file temp_index19.dat has been deleted
Sep 20, 2016 3:56:17 PM com.linkedin.paldb.impl.StorageWriter buildIndex
INFO: Built index file index20.dat
  Max offset length: 1 bytes
  Slot size: 21 bytes
Sep 20, 2016 3:56:17 PM com.linkedin.paldb.impl.StorageWriter buildIndex
INFO: Temporary index file temp_index20.dat has been deleted
Sep 20, 2016 3:56:17 PM com.linkedin.paldb.impl.StorageWriter buildIndex
INFO: Built index file index22.dat
  Max offset length: 2 bytes
  Slot size: 24 bytes
Sep 20, 2016 3:56:17 PM com.linkedin.paldb.impl.StorageWriter buildIndex
INFO: Temporary index file temp_index22.dat has been deleted
Sep 20, 2016 3:56:17 PM com.linkedin.paldb.impl.StorageWriter buildIndex
INFO: Built index file index23.dat
  Max offset length: 3 bytes
  Slot size: 26 bytes
Sep 20, 2016 3:56:17 PM com.linkedin.paldb.impl.StorageWriter buildIndex
INFO: Temporary index file temp_index23.dat has been deleted
Sep 20, 2016 3:56:17 PM com.linkedin.paldb.impl.StorageWriter buildIndex
INFO: Built index file index24.dat
  Max offset length: 3 bytes
  Slot size: 27 bytes
Sep 20, 2016 3:56:17 PM com.linkedin.paldb.impl.StorageWriter buildIndex
INFO: Temporary index file temp_index24.dat has been deleted
Sep 20, 2016 3:56:17 PM com.linkedin.paldb.impl.StorageWriter buildIndex
INFO: Built index file index27.dat
  Max offset length: 2 bytes
  Slot size: 29 bytes
Sep 20, 2016 3:56:17 PM com.linkedin.paldb.impl.StorageWriter buildIndex
INFO: Temporary index file temp_index27.dat has been deleted
Sep 20, 2016 3:56:17 PM com.linkedin.paldb.impl.StorageWriter buildIndex
INFO: Built index file index28.dat
  Max offset length: 2 bytes
  Slot size: 30 bytes
Sep 20, 2016 3:56:17 PM com.linkedin.paldb.impl.StorageWriter buildIndex
INFO: Temporary index file temp_index28.dat has been deleted
Sep 20, 2016 3:56:17 PM com.linkedin.paldb.impl.StorageWriter buildIndex
INFO: Built index file index29.dat
  Max offset length: 1 bytes
  Slot size: 30 bytes
Sep 20, 2016 3:56:17 PM com.linkedin.paldb.impl.StorageWriter buildIndex
INFO: Temporary index file temp_index29.dat has been deleted
Sep 20, 2016 3:56:17 PM com.linkedin.paldb.impl.StorageWriter buildIndex
INFO: Built index file index30.dat
  Max offset length: 2 bytes
  Slot size: 32 bytes
Sep 20, 2016 3:56:17 PM com.linkedin.paldb.impl.StorageWriter buildIndex
INFO: Temporary index file temp_index30.dat has been deleted
Sep 20, 2016 3:56:17 PM com.linkedin.paldb.impl.StorageWriter buildIndex
INFO: Built index file index31.dat
  Max offset length: 2 bytes
  Slot size: 33 bytes
Sep 20, 2016 3:56:17 PM com.linkedin.paldb.impl.StorageWriter buildIndex
INFO: Temporary index file temp_index31.dat has been deleted
Sep 20, 2016 3:56:17 PM com.linkedin.paldb.impl.StorageWriter buildIndex
INFO: Built index file index32.dat
  Max offset length: 1 bytes
  Slot size: 33 bytes
Sep 20, 2016 3:56:17 PM com.linkedin.paldb.impl.StorageWriter buildIndex
INFO: Temporary index file temp_index32.dat has been deleted
Sep 20, 2016 3:56:17 PM com.linkedin.paldb.impl.StorageWriter close
INFO: Number of collisions: 3,427
Sep 20, 2016 3:56:17 PM com.linkedin.paldb.impl.StorageWriter checkFreeDiskSpace
INFO: Total expected store size is 0.0 Mb
Sep 20, 2016 3:56:17 PM com.linkedin.paldb.impl.StorageWriter checkFreeDiskSpace
INFO: Usable free space on the system is 137,733.0 Mb
Sep 20, 2016 3:56:17 PM com.linkedin.paldb.impl.StorageWriter mergeFiles
INFO: Merging metadata.dat size=354
Sep 20, 2016 3:56:17 PM com.linkedin.paldb.impl.StorageWriter mergeFiles
INFO: Merging index19.dat size=240
Sep 20, 2016 3:56:17 PM com.linkedin.paldb.impl.StorageWriter mergeFiles
INFO: Merging index20.dat size=1,428
Sep 20, 2016 3:56:17 PM com.linkedin.paldb.impl.StorageWriter mergeFiles
INFO: Merging index22.dat size=2,592
Sep 20, 2016 3:56:17 PM com.linkedin.paldb.impl.StorageWriter mergeFiles
INFO: Merging index23.dat size=28,704
Sep 20, 2016 3:56:17 PM com.linkedin.paldb.impl.StorageWriter mergeFiles
INFO: Merging index24.dat size=75,276
Sep 20, 2016 3:56:17 PM com.linkedin.paldb.impl.StorageWriter mergeFiles
INFO: Merging index27.dat size=17,052
Sep 20, 2016 3:56:17 PM com.linkedin.paldb.impl.StorageWriter mergeFiles
INFO: Merging index28.dat size=100,320
Sep 20, 2016 3:56:17 PM com.linkedin.paldb.impl.StorageWriter mergeFiles
INFO: Merging index29.dat size=2,040
Sep 20, 2016 3:56:17 PM com.linkedin.paldb.impl.StorageWriter mergeFiles
INFO: Merging index30.dat size=18,816
Sep 20, 2016 3:56:17 PM com.linkedin.paldb.impl.StorageWriter mergeFiles
INFO: Merging index31.dat size=110,352
Sep 20, 2016 3:56:17 PM com.linkedin.paldb.impl.StorageWriter mergeFiles
INFO: Merging index32.dat size=2,244
Sep 20, 2016 3:56:17 PM com.linkedin.paldb.impl.StorageWriter mergeFiles
INFO: Merging data19.dat size=5
Sep 20, 2016 3:56:17 PM com.linkedin.paldb.impl.StorageWriter mergeFiles
INFO: Merging data20.dat size=13
Sep 20, 2016 3:56:17 PM com.linkedin.paldb.impl.StorageWriter mergeFiles
INFO: Merging data22.dat size=1,664
Sep 20, 2016 3:56:17 PM com.linkedin.paldb.impl.StorageWriter mergeFiles
INFO: Merging data23.dat size=16,649
Sep 20, 2016 3:56:17 PM com.linkedin.paldb.impl.StorageWriter mergeFiles
INFO: Merging data24.dat size=42,154
Sep 20, 2016 3:56:17 PM com.linkedin.paldb.impl.StorageWriter mergeFiles
INFO: Merging data27.dat size=461
Sep 20, 2016 3:56:17 PM com.linkedin.paldb.impl.StorageWriter mergeFiles
INFO: Merging data28.dat size=2,733
Sep 20, 2016 3:56:17 PM com.linkedin.paldb.impl.StorageWriter mergeFiles
INFO: Merging data29.dat size=61
Sep 20, 2016 3:56:17 PM com.linkedin.paldb.impl.StorageWriter mergeFiles
INFO: Merging data30.dat size=837
Sep 20, 2016 3:56:17 PM com.linkedin.paldb.impl.StorageWriter mergeFiles
INFO: Merging data31.dat size=4,237
Sep 20, 2016 3:56:17 PM com.linkedin.paldb.impl.StorageWriter mergeFiles
INFO: Merging data32.dat size=105
Sep 20, 2016 3:56:17 PM com.linkedin.paldb.impl.StorageWriter mergeFiles
INFO: Time to merge 0.018 s
Sep 20, 2016 3:56:17 PM com.linkedin.paldb.impl.StorageWriter cleanup
INFO: Deleted temporary file metadata.dat
Sep 20, 2016 3:56:17 PM com.linkedin.paldb.impl.StorageWriter cleanup
INFO: Deleted temporary file index19.dat
Sep 20, 2016 3:56:17 PM com.linkedin.paldb.impl.StorageWriter cleanup
INFO: Deleted temporary file index20.dat
Sep 20, 2016 3:56:17 PM com.linkedin.paldb.impl.StorageWriter cleanup
INFO: Deleted temporary file index22.dat
Sep 20, 2016 3:56:17 PM com.linkedin.paldb.impl.StorageWriter cleanup
INFO: Deleted temporary file index23.dat
Sep 20, 2016 3:56:17 PM com.linkedin.paldb.impl.StorageWriter cleanup
INFO: Deleted temporary file index24.dat
Sep 20, 2016 3:56:17 PM com.linkedin.paldb.impl.StorageWriter cleanup
INFO: Deleted temporary file index27.dat
Sep 20, 2016 3:56:17 PM com.linkedin.paldb.impl.StorageWriter cleanup
INFO: Deleted temporary file index28.dat
Sep 20, 2016 3:56:17 PM com.linkedin.paldb.impl.StorageWriter cleanup
INFO: Deleted temporary file index29.dat
Sep 20, 2016 3:56:17 PM com.linkedin.paldb.impl.StorageWriter cleanup
INFO: Deleted temporary file index30.dat
Sep 20, 2016 3:56:17 PM com.linkedin.paldb.impl.StorageWriter cleanup
INFO: Deleted temporary file index31.dat
Sep 20, 2016 3:56:17 PM com.linkedin.paldb.impl.StorageWriter cleanup
INFO: Deleted temporary file index32.dat
Sep 20, 2016 3:56:17 PM com.linkedin.paldb.impl.StorageWriter cleanup
INFO: Deleted temporary file data19.dat
Sep 20, 2016 3:56:17 PM com.linkedin.paldb.impl.StorageWriter cleanup
INFO: Deleted temporary file data20.dat
Sep 20, 2016 3:56:17 PM com.linkedin.paldb.impl.StorageWriter cleanup
INFO: Deleted temporary file data22.dat
Sep 20, 2016 3:56:17 PM com.linkedin.paldb.impl.StorageWriter cleanup
INFO: Deleted temporary file data23.dat
Sep 20, 2016 3:56:17 PM com.linkedin.paldb.impl.StorageWriter cleanup
INFO: Deleted temporary file data24.dat
Sep 20, 2016 3:56:17 PM com.linkedin.paldb.impl.StorageWriter cleanup
INFO: Deleted temporary file data27.dat
Sep 20, 2016 3:56:17 PM com.linkedin.paldb.impl.StorageWriter cleanup
INFO: Deleted temporary file data28.dat
Sep 20, 2016 3:56:17 PM com.linkedin.paldb.impl.StorageWriter cleanup
INFO: Deleted temporary file data29.dat
Sep 20, 2016 3:56:17 PM com.linkedin.paldb.impl.StorageWriter cleanup
INFO: Deleted temporary file data30.dat
Sep 20, 2016 3:56:17 PM com.linkedin.paldb.impl.StorageWriter cleanup
INFO: Deleted temporary file data31.dat
Sep 20, 2016 3:56:17 PM com.linkedin.paldb.impl.StorageWriter cleanup
INFO: Deleted temporary file data32.dat
Sep 20, 2016 3:56:17 PM com.linkedin.paldb.impl.StorageWriter cleanup
INFO: Deleted temporary folder at /var/folders/xh/37l9g3550y1bztlhv6q5ytcw0000gp/T/paldbtempwriter1474408577395-0
Sep 20, 2016 3:56:17 PM com.linkedin.paldb.impl.StoreImpl createReader
INFO: Initialize reader from file id.d1c370ba-c126-4ae3-9c35-24181442e9db.db
Sep 20, 2016 3:56:17 PM com.linkedin.paldb.impl.ReaderImpl <init>
INFO: Opening reader storage
Sep 20, 2016 3:56:17 PM com.linkedin.paldb.impl.StorageReader <init>
INFO: Opening file id.d1c370ba-c126-4ae3-9c35-24181442e9db.db
Sep 20, 2016 3:56:17 PM com.linkedin.paldb.impl.StorageReader <init>
INFO: Storage metadata
  Created at: 2016.09.20 AD at 15:56:17 MDT
  Format version: PALDB_V1
  Key count: 9060
  Key count for key length 19: 9
  Key count for key length 20: 51
  Key count for key length 22: 81
  Key count for key length 23: 828
  Key count for key length 24: 2091
  Key count for key length 27: 441
  Key count for key length 28: 2508
  Key count for key length 29: 51
  Key count for key length 30: 441
  Key count for key length 31: 2508
  Key count for key length 32: 51
  Index size: 0.34 Mb
  Data size: 0.07 Mb
  Number of memory mapped data buffers: 1
Sep 20, 2016 3:56:17 PM com.linkedin.paldb.impl.StorageCache$DisabledCache <init>
INFO: Cache disabled
60 dependent variable instances
Reconciling dependent variable values
StrongSignal_Both____Fold1____Inner1 | /Users/srp33/Dropbox/ShinyLearner/AlgorithmScripts/Classification/tsv/sklearn/lda/default | Do a sanity check to make sure that no instances overlap between the training and test sets
StrongSignal_Both____Fold1____Inner1 | /Users/srp33/Dropbox/ShinyLearner/AlgorithmScripts/Classification/tsv/sklearn/lda/default | Classifying.
StrongSignal_Both____Fold1____Inner1 | /Users/srp33/Dropbox/ShinyLearner/AlgorithmScripts/Classification/tsv/sklearn/lda/default | /Users/srp33/Dropbox/ShinyLearner/AlgorithmScripts/Classification/tsv/sklearn/lda/default "/var/folders/xh/37l9g3550y1bztlhv6q5ytcw0000gp/T/tmp.evvRAIa6/id.6bf215d8-68e3-47f9-9f63-5b6dd15ff93f.tsv" "/var/folders/xh/37l9g3550y1bztlhv6q5ytcw0000gp/T/tmp.evvRAIa6/id.e41ca226-7f2d-4a29-86f2-464370f4b7a1.tsv" "cLaSs___1,cLaSs___2,cLaSs___3"
StrongSignal_Both____Fold1____Inner1 | /Users/srp33/Dropbox/ShinyLearner/AlgorithmScripts/Classification/tsv/sklearn/lda/default | System command:
StrongSignal_Both____Fold1____Inner1 | /Users/srp33/Dropbox/ShinyLearner/AlgorithmScripts/Classification/tsv/sklearn/lda/default | /Users/srp33/Dropbox/ShinyLearner/AlgorithmScripts/Classification/tsv/sklearn/lda/default "/var/folders/xh/37l9g3550y1bztlhv6q5ytcw0000gp/T/tmp.evvRAIa6/id.6bf215d8-68e3-47f9-9f63-5b6dd15ff93f.tsv" "/var/folders/xh/37l9g3550y1bztlhv6q5ytcw0000gp/T/tmp.evvRAIa6/id.e41ca226-7f2d-4a29-86f2-464370f4b7a1.tsv" "cLaSs___1,cLaSs___2,cLaSs___3"
StrongSignal_Both____Fold1____Inner1 | /Users/srp33/Dropbox/ShinyLearner/AlgorithmScripts/Classification/tsv/sklearn/lda/default | cLaSs___1	0.540887480	0.318188005	0.140924515
cLaSs___1	0.526308887	0.269504805	0.204186308
cLaSs___3	0.421567988	0.107818108	0.470613904
cLaSs___3	0.417749443	0.113910580	0.468339977
cLaSs___1	0.519485804	0.249209466	0.231304730
cLaSs___1	0.489838654	0.227635041	0.282526306
cLaSs___1	0.509947270	0.451240313	0.038812417
cLaSs___1	0.499650887	0.435300475	0.065048638
cLaSs___1	0.605437467	0.250168224	0.144394309
cLaSs___1	0.491267590	0.470436639	0.038295771
cLaSs___1	0.550617927	0.262020711	0.187361361
cLaSs___3	0.332443304	0.048751896	0.618804799
cLaSs___3	0.413807816	0.096208495	0.489983689
cLaSs___3	0.352638429	0.100860689	0.546500882
cLaSs___1	0.484214139	0.239226099	0.276559762

StrongSignal_Both____Fold1____Inner1 | /Users/srp33/Dropbox/ShinyLearner/AlgorithmScripts/Classification/tsv/sklearn/lda/default | cLaSs___1	0.540887480	0.318188005	0.140924515
cLaSs___1	0.526308887	0.269504805	0.204186308
cLaSs___3	0.421567988	0.107818108	0.470613904
cLaSs___3	0.417749443	0.113910580	0.468339977
cLaSs___1	0.519485804	0.249209466	0.231304730
cLaSs___1	0.489838654	0.227635041	0.282526306
cLaSs___1	0.509947270	0.451240313	0.038812417
cLaSs___1	0.499650887	0.435300475	0.065048638
cLaSs___1	0.605437467	0.250168224	0.144394309
cLaSs___1	0.491267590	0.470436639	0.038295771
cLaSs___1	0.550617927	0.262020711	0.187361361
cLaSs___3	0.332443304	0.048751896	0.618804799
cLaSs___3	0.413807816	0.096208495	0.489983689
cLaSs___3	0.352638429	0.100860689	0.546500882
cLaSs___1	0.484214139	0.239226099	0.276559762

StrongSignal_Both____Fold1____Inner1 | /Users/srp33/Dropbox/ShinyLearner/AlgorithmScripts/Classification/tsv/sklearn/lda/default | 15
StrongSignal_Both____Fold1____Inner1 | /Users/srp33/Dropbox/ShinyLearner/AlgorithmScripts/Classification/tsv/sklearn/lda/default | 15
StrongSignal_Both____Fold1____Inner1 | /Users/srp33/Dropbox/ShinyLearner/AlgorithmScripts/Classification/tsv/sklearn/logistic_regression/default | Do a sanity check to make sure that no instances overlap between the training and test sets
StrongSignal_Both____Fold1____Inner1 | /Users/srp33/Dropbox/ShinyLearner/AlgorithmScripts/Classification/tsv/sklearn/logistic_regression/default | Classifying.
StrongSignal_Both____Fold1____Inner1 | /Users/srp33/Dropbox/ShinyLearner/AlgorithmScripts/Classification/tsv/sklearn/logistic_regression/default | /Users/srp33/Dropbox/ShinyLearner/AlgorithmScripts/Classification/tsv/sklearn/logistic_regression/default "/var/folders/xh/37l9g3550y1bztlhv6q5ytcw0000gp/T/tmp.evvRAIa6/id.6bf215d8-68e3-47f9-9f63-5b6dd15ff93f.tsv" "/var/folders/xh/37l9g3550y1bztlhv6q5ytcw0000gp/T/tmp.evvRAIa6/id.e41ca226-7f2d-4a29-86f2-464370f4b7a1.tsv" "cLaSs___1,cLaSs___2,cLaSs___3"
StrongSignal_Both____Fold1____Inner1 | /Users/srp33/Dropbox/ShinyLearner/AlgorithmScripts/Classification/tsv/sklearn/logistic_regression/default | System command:
StrongSignal_Both____Fold1____Inner1 | /Users/srp33/Dropbox/ShinyLearner/AlgorithmScripts/Classification/tsv/sklearn/logistic_regression/default | /Users/srp33/Dropbox/ShinyLearner/AlgorithmScripts/Classification/tsv/sklearn/logistic_regression/default "/var/folders/xh/37l9g3550y1bztlhv6q5ytcw0000gp/T/tmp.evvRAIa6/id.6bf215d8-68e3-47f9-9f63-5b6dd15ff93f.tsv" "/var/folders/xh/37l9g3550y1bztlhv6q5ytcw0000gp/T/tmp.evvRAIa6/id.e41ca226-7f2d-4a29-86f2-464370f4b7a1.tsv" "cLaSs___1,cLaSs___2,cLaSs___3"
StrongSignal_Both____Fold1____Inner1 | /Users/srp33/Dropbox/ShinyLearner/AlgorithmScripts/Classification/tsv/sklearn/logistic_regression/default | cLaSs___1	0.792542341	0.081925273	0.125532386
cLaSs___3	0.117611103	0.111306996	0.771081901
cLaSs___1	0.808327378	0.107895076	0.083777546
cLaSs___1	0.680507144	0.136110586	0.183382269
cLaSs___1	0.774648044	0.090928146	0.134423810
cLaSs___3	0.224392249	0.202900160	0.572707591
cLaSs___2	0.230631988	0.579407798	0.189960214
cLaSs___1	0.766201429	0.211788983	0.022009588
cLaSs___1	0.602994050	0.276116839	0.120889110
cLaSs___1	0.777056682	0.206457610	0.016485708
cLaSs___1	0.653572808	0.135795134	0.210632058
cLaSs___3	0.231956404	0.013191912	0.754851685
cLaSs___3	0.308819039	0.021504440	0.669676521
cLaSs___3	0.152719998	0.020774652	0.826505350
cLaSs___3	0.473566378	0.009671304	0.516762319

StrongSignal_Both____Fold1____Inner1 | /Users/srp33/Dropbox/ShinyLearner/AlgorithmScripts/Classification/tsv/sklearn/logistic_regression/default | cLaSs___1	0.792542341	0.081925273	0.125532386
cLaSs___3	0.117611103	0.111306996	0.771081901
cLaSs___1	0.808327378	0.107895076	0.083777546
cLaSs___1	0.680507144	0.136110586	0.183382269
cLaSs___1	0.774648044	0.090928146	0.134423810
cLaSs___3	0.224392249	0.202900160	0.572707591
cLaSs___2	0.230631988	0.579407798	0.189960214
cLaSs___1	0.766201429	0.211788983	0.022009588
cLaSs___1	0.602994050	0.276116839	0.120889110
cLaSs___1	0.777056682	0.206457610	0.016485708
cLaSs___1	0.653572808	0.135795134	0.210632058
cLaSs___3	0.231956404	0.013191912	0.754851685
cLaSs___3	0.308819039	0.021504440	0.669676521
cLaSs___3	0.152719998	0.020774652	0.826505350
cLaSs___3	0.473566378	0.009671304	0.516762319

StrongSignal_Both____Fold1____Inner1 | /Users/srp33/Dropbox/ShinyLearner/AlgorithmScripts/Classification/tsv/sklearn/logistic_regression/default | 15
StrongSignal_Both____Fold1____Inner1 | /Users/srp33/Dropbox/ShinyLearner/AlgorithmScripts/Classification/tsv/sklearn/logistic_regression/default | 15
StrongSignal_Both____Fold1____Inner2 | /Users/srp33/Dropbox/ShinyLearner/AlgorithmScripts/Classification/tsv/sklearn/lda/default | Do a sanity check to make sure that no instances overlap between the training and test sets
StrongSignal_Both____Fold1____Inner2 | /Users/srp33/Dropbox/ShinyLearner/AlgorithmScripts/Classification/tsv/sklearn/lda/default | Classifying.
StrongSignal_Both____Fold1____Inner2 | /Users/srp33/Dropbox/ShinyLearner/AlgorithmScripts/Classification/tsv/sklearn/lda/default | /Users/srp33/Dropbox/ShinyLearner/AlgorithmScripts/Classification/tsv/sklearn/lda/default "/var/folders/xh/37l9g3550y1bztlhv6q5ytcw0000gp/T/tmp.evvRAIa6/id.d46b3f3b-5091-4b27-84d0-43768b42777f.tsv" "/var/folders/xh/37l9g3550y1bztlhv6q5ytcw0000gp/T/tmp.evvRAIa6/id.f83b17e8-82ca-42ca-b3e7-14da2df40c0f.tsv" "cLaSs___1,cLaSs___2,cLaSs___3"
StrongSignal_Both____Fold1____Inner2 | /Users/srp33/Dropbox/ShinyLearner/AlgorithmScripts/Classification/tsv/sklearn/lda/default | System command:
StrongSignal_Both____Fold1____Inner2 | /Users/srp33/Dropbox/ShinyLearner/AlgorithmScripts/Classification/tsv/sklearn/lda/default | /Users/srp33/Dropbox/ShinyLearner/AlgorithmScripts/Classification/tsv/sklearn/lda/default "/var/folders/xh/37l9g3550y1bztlhv6q5ytcw0000gp/T/tmp.evvRAIa6/id.d46b3f3b-5091-4b27-84d0-43768b42777f.tsv" "/var/folders/xh/37l9g3550y1bztlhv6q5ytcw0000gp/T/tmp.evvRAIa6/id.f83b17e8-82ca-42ca-b3e7-14da2df40c0f.tsv" "cLaSs___1,cLaSs___2,cLaSs___3"
StrongSignal_Both____Fold1____Inner2 | /Users/srp33/Dropbox/ShinyLearner/AlgorithmScripts/Classification/tsv/sklearn/lda/default | cLaSs___1	0.601479637	0.173416251	0.225104111
cLaSs___1	0.589758560	0.181894321	0.228347119
cLaSs___1	0.552110353	0.157469773	0.290419873
cLaSs___1	0.564763716	0.242526551	0.192709734
cLaSs___1	0.622299564	0.160192459	0.217507977
cLaSs___1	0.557951280	0.148654851	0.293393869
cLaSs___1	0.548266462	0.369084483	0.082649055
cLaSs___1	0.542483067	0.330129523	0.127387410
cLaSs___1	0.537996336	0.350144271	0.111859393
cLaSs___3	0.441236272	0.097321721	0.461442007
cLaSs___1	0.545493240	0.093297463	0.361209297
cLaSs___1	0.473517082	0.130012568	0.396470350
cLaSs___1	0.529882220	0.315049562	0.155068217
cLaSs___1	0.522872523	0.186758509	0.290368968
cLaSs___1	0.570652369	0.242764318	0.186583313

StrongSignal_Both____Fold1____Inner2 | /Users/srp33/Dropbox/ShinyLearner/AlgorithmScripts/Classification/tsv/sklearn/lda/default | cLaSs___1	0.601479637	0.173416251	0.225104111
cLaSs___1	0.589758560	0.181894321	0.228347119
cLaSs___1	0.552110353	0.157469773	0.290419873
cLaSs___1	0.564763716	0.242526551	0.192709734
cLaSs___1	0.622299564	0.160192459	0.217507977
cLaSs___1	0.557951280	0.148654851	0.293393869
cLaSs___1	0.548266462	0.369084483	0.082649055
cLaSs___1	0.542483067	0.330129523	0.127387410
cLaSs___1	0.537996336	0.350144271	0.111859393
cLaSs___3	0.441236272	0.097321721	0.461442007
cLaSs___1	0.545493240	0.093297463	0.361209297
cLaSs___1	0.473517082	0.130012568	0.396470350
cLaSs___1	0.529882220	0.315049562	0.155068217
cLaSs___1	0.522872523	0.186758509	0.290368968
cLaSs___1	0.570652369	0.242764318	0.186583313

StrongSignal_Both____Fold1____Inner2 | /Users/srp33/Dropbox/ShinyLearner/AlgorithmScripts/Classification/tsv/sklearn/lda/default | 15
StrongSignal_Both____Fold1____Inner2 | /Users/srp33/Dropbox/ShinyLearner/AlgorithmScripts/Classification/tsv/sklearn/lda/default | 15
StrongSignal_Both____Fold1____Inner2 | /Users/srp33/Dropbox/ShinyLearner/AlgorithmScripts/Classification/tsv/sklearn/logistic_regression/default | Do a sanity check to make sure that no instances overlap between the training and test sets
StrongSignal_Both____Fold1____Inner2 | /Users/srp33/Dropbox/ShinyLearner/AlgorithmScripts/Classification/tsv/sklearn/logistic_regression/default | Classifying.
StrongSignal_Both____Fold1____Inner2 | /Users/srp33/Dropbox/ShinyLearner/AlgorithmScripts/Classification/tsv/sklearn/logistic_regression/default | /Users/srp33/Dropbox/ShinyLearner/AlgorithmScripts/Classification/tsv/sklearn/logistic_regression/default "/var/folders/xh/37l9g3550y1bztlhv6q5ytcw0000gp/T/tmp.evvRAIa6/id.d46b3f3b-5091-4b27-84d0-43768b42777f.tsv" "/var/folders/xh/37l9g3550y1bztlhv6q5ytcw0000gp/T/tmp.evvRAIa6/id.f83b17e8-82ca-42ca-b3e7-14da2df40c0f.tsv" "cLaSs___1,cLaSs___2,cLaSs___3"
StrongSignal_Both____Fold1____Inner2 | /Users/srp33/Dropbox/ShinyLearner/AlgorithmScripts/Classification/tsv/sklearn/logistic_regression/default | System command:
StrongSignal_Both____Fold1____Inner2 | /Users/srp33/Dropbox/ShinyLearner/AlgorithmScripts/Classification/tsv/sklearn/logistic_regression/default | /Users/srp33/Dropbox/ShinyLearner/AlgorithmScripts/Classification/tsv/sklearn/logistic_regression/default "/var/folders/xh/37l9g3550y1bztlhv6q5ytcw0000gp/T/tmp.evvRAIa6/id.d46b3f3b-5091-4b27-84d0-43768b42777f.tsv" "/var/folders/xh/37l9g3550y1bztlhv6q5ytcw0000gp/T/tmp.evvRAIa6/id.f83b17e8-82ca-42ca-b3e7-14da2df40c0f.tsv" "cLaSs___1,cLaSs___2,cLaSs___3"
StrongSignal_Both____Fold1____Inner2 | /Users/srp33/Dropbox/ShinyLearner/AlgorithmScripts/Classification/tsv/sklearn/logistic_regression/default | cLaSs___1	0.569099242	0.253457565	0.177443193
cLaSs___1	0.783222592	0.131990196	0.084787212
cLaSs___1	0.802257517	0.143066704	0.054675779
cLaSs___1	0.909370073	0.067403103	0.023226824
cLaSs___1	0.863408740	0.110191311	0.026399948
cLaSs___1	0.539004075	0.434025535	0.026970389
cLaSs___1	0.762067162	0.227021244	0.010911594
cLaSs___2	0.474261447	0.501538472	0.024200081
cLaSs___1	0.795107974	0.191342780	0.013549247
cLaSs___3	0.037121117	0.105326172	0.857552711
cLaSs___1	0.684714320	0.002945699	0.312339982
cLaSs___1	0.598172330	0.007618562	0.394209108
cLaSs___1	0.645653092	0.113219703	0.241127205
cLaSs___3	0.458602023	0.017183229	0.524214748
cLaSs___1	0.568473711	0.223359416	0.208166874

StrongSignal_Both____Fold1____Inner2 | /Users/srp33/Dropbox/ShinyLearner/AlgorithmScripts/Classification/tsv/sklearn/logistic_regression/default | cLaSs___1	0.569099242	0.253457565	0.177443193
cLaSs___1	0.783222592	0.131990196	0.084787212
cLaSs___1	0.802257517	0.143066704	0.054675779
cLaSs___1	0.909370073	0.067403103	0.023226824
cLaSs___1	0.863408740	0.110191311	0.026399948
cLaSs___1	0.539004075	0.434025535	0.026970389
cLaSs___1	0.762067162	0.227021244	0.010911594
cLaSs___2	0.474261447	0.501538472	0.024200081
cLaSs___1	0.795107974	0.191342780	0.013549247
cLaSs___3	0.037121117	0.105326172	0.857552711
cLaSs___1	0.684714320	0.002945699	0.312339982
cLaSs___1	0.598172330	0.007618562	0.394209108
cLaSs___1	0.645653092	0.113219703	0.241127205
cLaSs___3	0.458602023	0.017183229	0.524214748
cLaSs___1	0.568473711	0.223359416	0.208166874

StrongSignal_Both____Fold1____Inner2 | /Users/srp33/Dropbox/ShinyLearner/AlgorithmScripts/Classification/tsv/sklearn/logistic_regression/default | 15
StrongSignal_Both____Fold1____Inner2 | /Users/srp33/Dropbox/ShinyLearner/AlgorithmScripts/Classification/tsv/sklearn/logistic_regression/default | 15
StrongSignal_Both____Fold2____Inner1 | /Users/srp33/Dropbox/ShinyLearner/AlgorithmScripts/Classification/tsv/sklearn/lda/default | Do a sanity check to make sure that no instances overlap between the training and test sets
StrongSignal_Both____Fold2____Inner1 | /Users/srp33/Dropbox/ShinyLearner/AlgorithmScripts/Classification/tsv/sklearn/lda/default | Classifying.
StrongSignal_Both____Fold2____Inner1 | /Users/srp33/Dropbox/ShinyLearner/AlgorithmScripts/Classification/tsv/sklearn/lda/default | /Users/srp33/Dropbox/ShinyLearner/AlgorithmScripts/Classification/tsv/sklearn/lda/default "/var/folders/xh/37l9g3550y1bztlhv6q5ytcw0000gp/T/tmp.evvRAIa6/id.ce0dfda2-8e4b-4714-ab86-1df0ea43648d.tsv" "/var/folders/xh/37l9g3550y1bztlhv6q5ytcw0000gp/T/tmp.evvRAIa6/id.26e18799-07e2-44d8-bf25-98838dd4ba1a.tsv" "cLaSs___1,cLaSs___2,cLaSs___3"
StrongSignal_Both____Fold2____Inner1 | /Users/srp33/Dropbox/ShinyLearner/AlgorithmScripts/Classification/tsv/sklearn/lda/default | System command:
StrongSignal_Both____Fold2____Inner1 | /Users/srp33/Dropbox/ShinyLearner/AlgorithmScripts/Classification/tsv/sklearn/lda/default | /Users/srp33/Dropbox/ShinyLearner/AlgorithmScripts/Classification/tsv/sklearn/lda/default "/var/folders/xh/37l9g3550y1bztlhv6q5ytcw0000gp/T/tmp.evvRAIa6/id.ce0dfda2-8e4b-4714-ab86-1df0ea43648d.tsv" "/var/folders/xh/37l9g3550y1bztlhv6q5ytcw0000gp/T/tmp.evvRAIa6/id.26e18799-07e2-44d8-bf25-98838dd4ba1a.tsv" "cLaSs___1,cLaSs___2,cLaSs___3"
StrongSignal_Both____Fold2____Inner1 | /Users/srp33/Dropbox/ShinyLearner/AlgorithmScripts/Classification/tsv/sklearn/lda/default | cLaSs___1	0.593075188	0.258458954	0.148465858
cLaSs___1	0.613358504	0.199227335	0.187414161
cLaSs___1	0.686609095	0.212427943	0.100962962
cLaSs___1	0.525662144	0.378310418	0.096027438
cLaSs___1	0.618852015	0.188913673	0.192234313
cLaSs___1	0.694802942	0.160135333	0.145061725
cLaSs___1	0.667425780	0.203195160	0.129379060
cLaSs___1	0.509554306	0.428342744	0.062102950
cLaSs___1	0.491705955	0.480680169	0.027613876
cLaSs___1	0.585896280	0.386620030	0.027483690
cLaSs___2	0.484944751	0.502880538	0.012174711
cLaSs___1	0.450230102	0.199673482	0.350096416
cLaSs___3	0.244267028	0.089270692	0.666462280
cLaSs___1	0.440377292	0.197887044	0.361735665
cLaSs___1	0.560128436	0.257655747	0.182215817

StrongSignal_Both____Fold2____Inner1 | /Users/srp33/Dropbox/ShinyLearner/AlgorithmScripts/Classification/tsv/sklearn/lda/default | cLaSs___1	0.593075188	0.258458954	0.148465858
cLaSs___1	0.613358504	0.199227335	0.187414161
cLaSs___1	0.686609095	0.212427943	0.100962962
cLaSs___1	0.525662144	0.378310418	0.096027438
cLaSs___1	0.618852015	0.188913673	0.192234313
cLaSs___1	0.694802942	0.160135333	0.145061725
cLaSs___1	0.667425780	0.203195160	0.129379060
cLaSs___1	0.509554306	0.428342744	0.062102950
cLaSs___1	0.491705955	0.480680169	0.027613876
cLaSs___1	0.585896280	0.386620030	0.027483690
cLaSs___2	0.484944751	0.502880538	0.012174711
cLaSs___1	0.450230102	0.199673482	0.350096416
cLaSs___3	0.244267028	0.089270692	0.666462280
cLaSs___1	0.440377292	0.197887044	0.361735665
cLaSs___1	0.560128436	0.257655747	0.182215817

StrongSignal_Both____Fold2____Inner1 | /Users/srp33/Dropbox/ShinyLearner/AlgorithmScripts/Classification/tsv/sklearn/lda/default | 15
StrongSignal_Both____Fold2____Inner1 | /Users/srp33/Dropbox/ShinyLearner/AlgorithmScripts/Classification/tsv/sklearn/lda/default | 15
StrongSignal_Both____Fold2____Inner1 | /Users/srp33/Dropbox/ShinyLearner/AlgorithmScripts/Classification/tsv/sklearn/logistic_regression/default | Do a sanity check to make sure that no instances overlap between the training and test sets
StrongSignal_Both____Fold2____Inner1 | /Users/srp33/Dropbox/ShinyLearner/AlgorithmScripts/Classification/tsv/sklearn/logistic_regression/default | Classifying.
StrongSignal_Both____Fold2____Inner1 | /Users/srp33/Dropbox/ShinyLearner/AlgorithmScripts/Classification/tsv/sklearn/logistic_regression/default | /Users/srp33/Dropbox/ShinyLearner/AlgorithmScripts/Classification/tsv/sklearn/logistic_regression/default "/var/folders/xh/37l9g3550y1bztlhv6q5ytcw0000gp/T/tmp.evvRAIa6/id.ce0dfda2-8e4b-4714-ab86-1df0ea43648d.tsv" "/var/folders/xh/37l9g3550y1bztlhv6q5ytcw0000gp/T/tmp.evvRAIa6/id.26e18799-07e2-44d8-bf25-98838dd4ba1a.tsv" "cLaSs___1,cLaSs___2,cLaSs___3"
StrongSignal_Both____Fold2____Inner1 | /Users/srp33/Dropbox/ShinyLearner/AlgorithmScripts/Classification/tsv/sklearn/logistic_regression/default | System command:
StrongSignal_Both____Fold2____Inner1 | /Users/srp33/Dropbox/ShinyLearner/AlgorithmScripts/Classification/tsv/sklearn/logistic_regression/default | /Users/srp33/Dropbox/ShinyLearner/AlgorithmScripts/Classification/tsv/sklearn/logistic_regression/default "/var/folders/xh/37l9g3550y1bztlhv6q5ytcw0000gp/T/tmp.evvRAIa6/id.ce0dfda2-8e4b-4714-ab86-1df0ea43648d.tsv" "/var/folders/xh/37l9g3550y1bztlhv6q5ytcw0000gp/T/tmp.evvRAIa6/id.26e18799-07e2-44d8-bf25-98838dd4ba1a.tsv" "cLaSs___1,cLaSs___2,cLaSs___3"
StrongSignal_Both____Fold2____Inner1 | /Users/srp33/Dropbox/ShinyLearner/AlgorithmScripts/Classification/tsv/sklearn/logistic_regression/default | cLaSs___1	0.600385879	0.095633677	0.303980444
cLaSs___1	0.884424116	0.048826843	0.066749041
cLaSs___1	0.658726667	0.201288062	0.139985271
cLaSs___1	0.717430918	0.140736870	0.141832212
cLaSs___1	0.850936941	0.047008594	0.102054465
cLaSs___1	0.906863002	0.049612071	0.043524928
cLaSs___1	0.868274618	0.030094121	0.101631262
cLaSs___1	0.604306904	0.362202953	0.033490142
cLaSs___2	0.417111486	0.576000854	0.006887659
cLaSs___2	0.385227799	0.583672734	0.031099467
cLaSs___2	0.283756319	0.708080712	0.008162969
cLaSs___3	0.306447169	0.019513949	0.674038883
cLaSs___3	0.312299943	0.023871773	0.663828284
cLaSs___3	0.388523822	0.010850586	0.600625592
cLaSs___1	0.580793040	0.142884110	0.276322850

StrongSignal_Both____Fold2____Inner1 | /Users/srp33/Dropbox/ShinyLearner/AlgorithmScripts/Classification/tsv/sklearn/logistic_regression/default | cLaSs___1	0.600385879	0.095633677	0.303980444
cLaSs___1	0.884424116	0.048826843	0.066749041
cLaSs___1	0.658726667	0.201288062	0.139985271
cLaSs___1	0.717430918	0.140736870	0.141832212
cLaSs___1	0.850936941	0.047008594	0.102054465
cLaSs___1	0.906863002	0.049612071	0.043524928
cLaSs___1	0.868274618	0.030094121	0.101631262
cLaSs___1	0.604306904	0.362202953	0.033490142
cLaSs___2	0.417111486	0.576000854	0.006887659
cLaSs___2	0.385227799	0.583672734	0.031099467
cLaSs___2	0.283756319	0.708080712	0.008162969
cLaSs___3	0.306447169	0.019513949	0.674038883
cLaSs___3	0.312299943	0.023871773	0.663828284
cLaSs___3	0.388523822	0.010850586	0.600625592
cLaSs___1	0.580793040	0.142884110	0.276322850

StrongSignal_Both____Fold2____Inner1 | /Users/srp33/Dropbox/ShinyLearner/AlgorithmScripts/Classification/tsv/sklearn/logistic_regression/default | 15
StrongSignal_Both____Fold2____Inner1 | /Users/srp33/Dropbox/ShinyLearner/AlgorithmScripts/Classification/tsv/sklearn/logistic_regression/default | 15
StrongSignal_Both____Fold2____Inner2 | /Users/srp33/Dropbox/ShinyLearner/AlgorithmScripts/Classification/tsv/sklearn/lda/default | Do a sanity check to make sure that no instances overlap between the training and test sets
StrongSignal_Both____Fold2____Inner2 | /Users/srp33/Dropbox/ShinyLearner/AlgorithmScripts/Classification/tsv/sklearn/lda/default | Classifying.
StrongSignal_Both____Fold2____Inner2 | /Users/srp33/Dropbox/ShinyLearner/AlgorithmScripts/Classification/tsv/sklearn/lda/default | /Users/srp33/Dropbox/ShinyLearner/AlgorithmScripts/Classification/tsv/sklearn/lda/default "/var/folders/xh/37l9g3550y1bztlhv6q5ytcw0000gp/T/tmp.evvRAIa6/id.df30bb36-386c-4b46-a000-5a7cc6ef8d00.tsv" "/var/folders/xh/37l9g3550y1bztlhv6q5ytcw0000gp/T/tmp.evvRAIa6/id.d45e6b69-e821-4879-bb62-116236d8eeec.tsv" "cLaSs___1,cLaSs___2,cLaSs___3"
StrongSignal_Both____Fold2____Inner2 | /Users/srp33/Dropbox/ShinyLearner/AlgorithmScripts/Classification/tsv/sklearn/lda/default | System command:
StrongSignal_Both____Fold2____Inner2 | /Users/srp33/Dropbox/ShinyLearner/AlgorithmScripts/Classification/tsv/sklearn/lda/default | /Users/srp33/Dropbox/ShinyLearner/AlgorithmScripts/Classification/tsv/sklearn/lda/default "/var/folders/xh/37l9g3550y1bztlhv6q5ytcw0000gp/T/tmp.evvRAIa6/id.df30bb36-386c-4b46-a000-5a7cc6ef8d00.tsv" "/var/folders/xh/37l9g3550y1bztlhv6q5ytcw0000gp/T/tmp.evvRAIa6/id.d45e6b69-e821-4879-bb62-116236d8eeec.tsv" "cLaSs___1,cLaSs___2,cLaSs___3"
StrongSignal_Both____Fold2____Inner2 | /Users/srp33/Dropbox/ShinyLearner/AlgorithmScripts/Classification/tsv/sklearn/lda/default | cLaSs___1	0.628120951	0.283741255	0.088137794
cLaSs___1	0.704409017	0.223219085	0.072371898
cLaSs___1	0.675785306	0.159301349	0.164913346
cLaSs___1	0.646456325	0.327479583	0.026064092
cLaSs___1	0.762644712	0.070467288	0.166888000
cLaSs___1	0.730790622	0.215576293	0.053633086
cLaSs___2	0.399435475	0.594479950	0.006084575
cLaSs___1	0.514202014	0.482331616	0.003466370
cLaSs___1	0.547729795	0.421628044	0.030642162
cLaSs___1	0.552011632	0.428461830	0.019526537
cLaSs___3	0.365431178	0.018380900	0.616187922
cLaSs___1	0.560514807	0.061915862	0.377569331
cLaSs___3	0.399989140	0.038401930	0.561608931
cLaSs___3	0.345960239	0.014251979	0.639787781
cLaSs___1	0.716005765	0.240575336	0.043418899

StrongSignal_Both____Fold2____Inner2 | /Users/srp33/Dropbox/ShinyLearner/AlgorithmScripts/Classification/tsv/sklearn/lda/default | cLaSs___1	0.628120951	0.283741255	0.088137794
cLaSs___1	0.704409017	0.223219085	0.072371898
cLaSs___1	0.675785306	0.159301349	0.164913346
cLaSs___1	0.646456325	0.327479583	0.026064092
cLaSs___1	0.762644712	0.070467288	0.166888000
cLaSs___1	0.730790622	0.215576293	0.053633086
cLaSs___2	0.399435475	0.594479950	0.006084575
cLaSs___1	0.514202014	0.482331616	0.003466370
cLaSs___1	0.547729795	0.421628044	0.030642162
cLaSs___1	0.552011632	0.428461830	0.019526537
cLaSs___3	0.365431178	0.018380900	0.616187922
cLaSs___1	0.560514807	0.061915862	0.377569331
cLaSs___3	0.399989140	0.038401930	0.561608931
cLaSs___3	0.345960239	0.014251979	0.639787781
cLaSs___1	0.716005765	0.240575336	0.043418899

StrongSignal_Both____Fold2____Inner2 | /Users/srp33/Dropbox/ShinyLearner/AlgorithmScripts/Classification/tsv/sklearn/lda/default | 15
StrongSignal_Both____Fold2____Inner2 | /Users/srp33/Dropbox/ShinyLearner/AlgorithmScripts/Classification/tsv/sklearn/lda/default | 15
StrongSignal_Both____Fold2____Inner2 | /Users/srp33/Dropbox/ShinyLearner/AlgorithmScripts/Classification/tsv/sklearn/logistic_regression/default | Do a sanity check to make sure that no instances overlap between the training and test sets
StrongSignal_Both____Fold2____Inner2 | /Users/srp33/Dropbox/ShinyLearner/AlgorithmScripts/Classification/tsv/sklearn/logistic_regression/default | Classifying.
StrongSignal_Both____Fold2____Inner2 | /Users/srp33/Dropbox/ShinyLearner/AlgorithmScripts/Classification/tsv/sklearn/logistic_regression/default | /Users/srp33/Dropbox/ShinyLearner/AlgorithmScripts/Classification/tsv/sklearn/logistic_regression/default "/var/folders/xh/37l9g3550y1bztlhv6q5ytcw0000gp/T/tmp.evvRAIa6/id.df30bb36-386c-4b46-a000-5a7cc6ef8d00.tsv" "/var/folders/xh/37l9g3550y1bztlhv6q5ytcw0000gp/T/tmp.evvRAIa6/id.d45e6b69-e821-4879-bb62-116236d8eeec.tsv" "cLaSs___1,cLaSs___2,cLaSs___3"
StrongSignal_Both____Fold2____Inner2 | /Users/srp33/Dropbox/ShinyLearner/AlgorithmScripts/Classification/tsv/sklearn/logistic_regression/default | System command:
StrongSignal_Both____Fold2____Inner2 | /Users/srp33/Dropbox/ShinyLearner/AlgorithmScripts/Classification/tsv/sklearn/logistic_regression/default | /Users/srp33/Dropbox/ShinyLearner/AlgorithmScripts/Classification/tsv/sklearn/logistic_regression/default "/var/folders/xh/37l9g3550y1bztlhv6q5ytcw0000gp/T/tmp.evvRAIa6/id.df30bb36-386c-4b46-a000-5a7cc6ef8d00.tsv" "/var/folders/xh/37l9g3550y1bztlhv6q5ytcw0000gp/T/tmp.evvRAIa6/id.d45e6b69-e821-4879-bb62-116236d8eeec.tsv" "cLaSs___1,cLaSs___2,cLaSs___3"
StrongSignal_Both____Fold2____Inner2 | /Users/srp33/Dropbox/ShinyLearner/AlgorithmScripts/Classification/tsv/sklearn/logistic_regression/default | cLaSs___1	0.908494262	0.064837954	0.026667784
cLaSs___1	0.903418531	0.043481226	0.053100243
cLaSs___1	0.946730417	0.040954498	0.012315085
cLaSs___1	0.703231435	0.121776828	0.174991737
cLaSs___1	0.734863152	0.090968276	0.174168571
cLaSs___1	0.497825861	0.354166891	0.148007248
cLaSs___2	0.463023737	0.524387417	0.012588846
cLaSs___2	0.376678409	0.574616117	0.048705474
cLaSs___2	0.155603683	0.661947935	0.182448382
cLaSs___1	0.549649379	0.418934463	0.031416158
cLaSs___3	0.456387525	0.010080667	0.533531808
cLaSs___1	0.734679995	0.043776063	0.221543941
cLaSs___3	0.475696796	0.019293457	0.505009747
cLaSs___1	0.608578576	0.007183664	0.384237760
cLaSs___1	0.683106951	0.173130542	0.143762506

StrongSignal_Both____Fold2____Inner2 | /Users/srp33/Dropbox/ShinyLearner/AlgorithmScripts/Classification/tsv/sklearn/logistic_regression/default | cLaSs___1	0.908494262	0.064837954	0.026667784
cLaSs___1	0.903418531	0.043481226	0.053100243
cLaSs___1	0.946730417	0.040954498	0.012315085
cLaSs___1	0.703231435	0.121776828	0.174991737
cLaSs___1	0.734863152	0.090968276	0.174168571
cLaSs___1	0.497825861	0.354166891	0.148007248
cLaSs___2	0.463023737	0.524387417	0.012588846
cLaSs___2	0.376678409	0.574616117	0.048705474
cLaSs___2	0.155603683	0.661947935	0.182448382
cLaSs___1	0.549649379	0.418934463	0.031416158
cLaSs___3	0.456387525	0.010080667	0.533531808
cLaSs___1	0.734679995	0.043776063	0.221543941
cLaSs___3	0.475696796	0.019293457	0.505009747
cLaSs___1	0.608578576	0.007183664	0.384237760
cLaSs___1	0.683106951	0.173130542	0.143762506

StrongSignal_Both____Fold2____Inner2 | /Users/srp33/Dropbox/ShinyLearner/AlgorithmScripts/Classification/tsv/sklearn/logistic_regression/default | 15
StrongSignal_Both____Fold2____Inner2 | /Users/srp33/Dropbox/ShinyLearner/AlgorithmScripts/Classification/tsv/sklearn/logistic_regression/default | 15
Sep 20, 2016 3:56:24 PM com.linkedin.paldb.impl.ReaderImpl close
INFO: Closing reader storage
StrongSignal_Both____Fold2____Inner2 | /Users/srp33/Dropbox/ShinyLearner/AlgorithmScripts/Classification/tsv/sklearn/logistic_regression/default | Successfully completed!
WARNING: ignoring environment value of R_HOME
WARNING: ignoring environment value of R_HOME
Joining, by = "Description"
System command:
ls /Users/srp33/Dropbox/ShinyLearner/Validation/StrongSignal_Both.tsv.gz
Sep 20, 2016 3:56:26 PM com.linkedin.paldb.impl.StoreImpl createWriter
INFO: Initialize writer from file id.b5036b25-c93b-4191-9e1e-d16a9d73dce5.db
Sep 20, 2016 3:56:26 PM com.linkedin.paldb.impl.WriterImpl <init>
INFO: Opening writer storage
Sep 20, 2016 3:56:26 PM com.linkedin.paldb.impl.StorageWriter <init>
INFO: Creating temporary folder at /var/folders/xh/37l9g3550y1bztlhv6q5ytcw0000gp/T/paldbtempwriter1474408586771-0
shinylearner.dataprocessors.DelimitedDataProcessor
Parsing input data from /Users/srp33/Dropbox/ShinyLearner/Validation/StrongSignal_Both.tsv.gz
Sep 20, 2016 3:56:26 PM com.linkedin.paldb.impl.WriterImpl close
