System command:
ls /Users/srp33/Dropbox/ShinyLearner/Validation/StrongSignal_Both.tsv.gz
Sep 20, 2016 3:55:59 PM com.linkedin.paldb.impl.StoreImpl createWriter
INFO: Initialize writer from file id.fc28807b-6953-4c20-bc53-69348d734ef0.db
Sep 20, 2016 3:55:59 PM com.linkedin.paldb.impl.WriterImpl <init>
INFO: Opening writer storage
Sep 20, 2016 3:55:59 PM com.linkedin.paldb.impl.StorageWriter <init>
INFO: Creating temporary folder at /var/folders/xh/37l9g3550y1bztlhv6q5ytcw0000gp/T/paldbtempwriter1474408559412-0
shinylearner.dataprocessors.DelimitedDataProcessor
Parsing input data from /Users/srp33/Dropbox/ShinyLearner/Validation/StrongSignal_Both.tsv.gz
Sep 20, 2016 3:55:59 PM com.linkedin.paldb.impl.WriterImpl close
INFO: Closing writer storage, writing to file at /var/folders/xh/37l9g3550y1bztlhv6q5ytcw0000gp/T/tmp.w3RanQ18/id.fc28807b-6953-4c20-bc53-69348d734ef0.db
Sep 20, 2016 3:55:59 PM com.linkedin.paldb.impl.StorageWriter close
INFO: Number of keys: 9,060
Sep 20, 2016 3:55:59 PM com.linkedin.paldb.impl.StorageWriter close
INFO: Number of values: 5,111
Sep 20, 2016 3:55:59 PM com.linkedin.paldb.impl.StorageWriter buildIndex
INFO: Built index file index19.dat
  Max offset length: 1 bytes
  Slot size: 20 bytes
Sep 20, 2016 3:55:59 PM com.linkedin.paldb.impl.StorageWriter buildIndex
INFO: Temporary index file temp_index19.dat has been deleted
Sep 20, 2016 3:55:59 PM com.linkedin.paldb.impl.StorageWriter buildIndex
INFO: Built index file index20.dat
  Max offset length: 1 bytes
  Slot size: 21 bytes
Sep 20, 2016 3:55:59 PM com.linkedin.paldb.impl.StorageWriter buildIndex
INFO: Temporary index file temp_index20.dat has been deleted
Sep 20, 2016 3:55:59 PM com.linkedin.paldb.impl.StorageWriter buildIndex
INFO: Built index file index22.dat
  Max offset length: 2 bytes
  Slot size: 24 bytes
Sep 20, 2016 3:55:59 PM com.linkedin.paldb.impl.StorageWriter buildIndex
INFO: Temporary index file temp_index22.dat has been deleted
Sep 20, 2016 3:55:59 PM com.linkedin.paldb.impl.StorageWriter buildIndex
INFO: Built index file index23.dat
  Max offset length: 3 bytes
  Slot size: 26 bytes
Sep 20, 2016 3:55:59 PM com.linkedin.paldb.impl.StorageWriter buildIndex
INFO: Temporary index file temp_index23.dat has been deleted
Sep 20, 2016 3:55:59 PM com.linkedin.paldb.impl.StorageWriter buildIndex
INFO: Built index file index24.dat
  Max offset length: 3 bytes
  Slot size: 27 bytes
Sep 20, 2016 3:55:59 PM com.linkedin.paldb.impl.StorageWriter buildIndex
INFO: Temporary index file temp_index24.dat has been deleted
Sep 20, 2016 3:55:59 PM com.linkedin.paldb.impl.StorageWriter buildIndex
INFO: Built index file index27.dat
  Max offset length: 2 bytes
  Slot size: 29 bytes
Sep 20, 2016 3:55:59 PM com.linkedin.paldb.impl.StorageWriter buildIndex
INFO: Temporary index file temp_index27.dat has been deleted
Sep 20, 2016 3:55:59 PM com.linkedin.paldb.impl.StorageWriter buildIndex
INFO: Built index file index28.dat
  Max offset length: 2 bytes
  Slot size: 30 bytes
Sep 20, 2016 3:55:59 PM com.linkedin.paldb.impl.StorageWriter buildIndex
INFO: Temporary index file temp_index28.dat has been deleted
Sep 20, 2016 3:55:59 PM com.linkedin.paldb.impl.StorageWriter buildIndex
INFO: Built index file index29.dat
  Max offset length: 1 bytes
  Slot size: 30 bytes
Sep 20, 2016 3:55:59 PM com.linkedin.paldb.impl.StorageWriter buildIndex
INFO: Temporary index file temp_index29.dat has been deleted
Sep 20, 2016 3:55:59 PM com.linkedin.paldb.impl.StorageWriter buildIndex
INFO: Built index file index30.dat
  Max offset length: 2 bytes
  Slot size: 32 bytes
Sep 20, 2016 3:55:59 PM com.linkedin.paldb.impl.StorageWriter buildIndex
INFO: Temporary index file temp_index30.dat has been deleted
Sep 20, 2016 3:55:59 PM com.linkedin.paldb.impl.StorageWriter buildIndex
INFO: Built index file index31.dat
  Max offset length: 2 bytes
  Slot size: 33 bytes
Sep 20, 2016 3:55:59 PM com.linkedin.paldb.impl.StorageWriter buildIndex
INFO: Temporary index file temp_index31.dat has been deleted
Sep 20, 2016 3:55:59 PM com.linkedin.paldb.impl.StorageWriter buildIndex
INFO: Built index file index32.dat
  Max offset length: 1 bytes
  Slot size: 33 bytes
Sep 20, 2016 3:55:59 PM com.linkedin.paldb.impl.StorageWriter buildIndex
INFO: Temporary index file temp_index32.dat has been deleted
Sep 20, 2016 3:55:59 PM com.linkedin.paldb.impl.StorageWriter close
INFO: Number of collisions: 3,427
Sep 20, 2016 3:55:59 PM com.linkedin.paldb.impl.StorageWriter checkFreeDiskSpace
INFO: Total expected store size is 0.0 Mb
Sep 20, 2016 3:55:59 PM com.linkedin.paldb.impl.StorageWriter checkFreeDiskSpace
INFO: Usable free space on the system is 137,737.0 Mb
Sep 20, 2016 3:55:59 PM com.linkedin.paldb.impl.StorageWriter mergeFiles
INFO: Merging metadata.dat size=354
Sep 20, 2016 3:55:59 PM com.linkedin.paldb.impl.StorageWriter mergeFiles
INFO: Merging index19.dat size=240
Sep 20, 2016 3:55:59 PM com.linkedin.paldb.impl.StorageWriter mergeFiles
INFO: Merging index20.dat size=1,428
Sep 20, 2016 3:55:59 PM com.linkedin.paldb.impl.StorageWriter mergeFiles
INFO: Merging index22.dat size=2,592
Sep 20, 2016 3:55:59 PM com.linkedin.paldb.impl.StorageWriter mergeFiles
INFO: Merging index23.dat size=28,704
Sep 20, 2016 3:55:59 PM com.linkedin.paldb.impl.StorageWriter mergeFiles
INFO: Merging index24.dat size=75,276
Sep 20, 2016 3:55:59 PM com.linkedin.paldb.impl.StorageWriter mergeFiles
INFO: Merging index27.dat size=17,052
Sep 20, 2016 3:55:59 PM com.linkedin.paldb.impl.StorageWriter mergeFiles
INFO: Merging index28.dat size=100,320
Sep 20, 2016 3:55:59 PM com.linkedin.paldb.impl.StorageWriter mergeFiles
INFO: Merging index29.dat size=2,040
Sep 20, 2016 3:55:59 PM com.linkedin.paldb.impl.StorageWriter mergeFiles
INFO: Merging index30.dat size=18,816
Sep 20, 2016 3:55:59 PM com.linkedin.paldb.impl.StorageWriter mergeFiles
INFO: Merging index31.dat size=110,352
Sep 20, 2016 3:55:59 PM com.linkedin.paldb.impl.StorageWriter mergeFiles
INFO: Merging index32.dat size=2,244
Sep 20, 2016 3:55:59 PM com.linkedin.paldb.impl.StorageWriter mergeFiles
INFO: Merging data19.dat size=5
Sep 20, 2016 3:55:59 PM com.linkedin.paldb.impl.StorageWriter mergeFiles
INFO: Merging data20.dat size=13
Sep 20, 2016 3:55:59 PM com.linkedin.paldb.impl.StorageWriter mergeFiles
INFO: Merging data22.dat size=1,664
Sep 20, 2016 3:55:59 PM com.linkedin.paldb.impl.StorageWriter mergeFiles
INFO: Merging data23.dat size=16,649
Sep 20, 2016 3:55:59 PM com.linkedin.paldb.impl.StorageWriter mergeFiles
INFO: Merging data24.dat size=42,154
Sep 20, 2016 3:55:59 PM com.linkedin.paldb.impl.StorageWriter mergeFiles
INFO: Merging data27.dat size=461
Sep 20, 2016 3:55:59 PM com.linkedin.paldb.impl.StorageWriter mergeFiles
INFO: Merging data28.dat size=2,733
Sep 20, 2016 3:55:59 PM com.linkedin.paldb.impl.StorageWriter mergeFiles
INFO: Merging data29.dat size=61
Sep 20, 2016 3:55:59 PM com.linkedin.paldb.impl.StorageWriter mergeFiles
INFO: Merging data30.dat size=837
Sep 20, 2016 3:55:59 PM com.linkedin.paldb.impl.StorageWriter mergeFiles
INFO: Merging data31.dat size=4,237
Sep 20, 2016 3:55:59 PM com.linkedin.paldb.impl.StorageWriter mergeFiles
INFO: Merging data32.dat size=105
Sep 20, 2016 3:55:59 PM com.linkedin.paldb.impl.StorageWriter mergeFiles
INFO: Time to merge 0.018 s
Sep 20, 2016 3:55:59 PM com.linkedin.paldb.impl.StorageWriter cleanup
INFO: Deleted temporary file metadata.dat
Sep 20, 2016 3:55:59 PM com.linkedin.paldb.impl.StorageWriter cleanup
INFO: Deleted temporary file index19.dat
Sep 20, 2016 3:55:59 PM com.linkedin.paldb.impl.StorageWriter cleanup
INFO: Deleted temporary file index20.dat
Sep 20, 2016 3:55:59 PM com.linkedin.paldb.impl.StorageWriter cleanup
INFO: Deleted temporary file index22.dat
Sep 20, 2016 3:55:59 PM com.linkedin.paldb.impl.StorageWriter cleanup
INFO: Deleted temporary file index23.dat
Sep 20, 2016 3:55:59 PM com.linkedin.paldb.impl.StorageWriter cleanup
INFO: Deleted temporary file index24.dat
Sep 20, 2016 3:55:59 PM com.linkedin.paldb.impl.StorageWriter cleanup
INFO: Deleted temporary file index27.dat
Sep 20, 2016 3:55:59 PM com.linkedin.paldb.impl.StorageWriter cleanup
INFO: Deleted temporary file index28.dat
Sep 20, 2016 3:55:59 PM com.linkedin.paldb.impl.StorageWriter cleanup
INFO: Deleted temporary file index29.dat
Sep 20, 2016 3:55:59 PM com.linkedin.paldb.impl.StorageWriter cleanup
INFO: Deleted temporary file index30.dat
Sep 20, 2016 3:55:59 PM com.linkedin.paldb.impl.StorageWriter cleanup
INFO: Deleted temporary file index31.dat
Sep 20, 2016 3:55:59 PM com.linkedin.paldb.impl.StorageWriter cleanup
INFO: Deleted temporary file index32.dat
Sep 20, 2016 3:55:59 PM com.linkedin.paldb.impl.StorageWriter cleanup
INFO: Deleted temporary file data19.dat
Sep 20, 2016 3:55:59 PM com.linkedin.paldb.impl.StorageWriter cleanup
INFO: Deleted temporary file data20.dat
Sep 20, 2016 3:55:59 PM com.linkedin.paldb.impl.StorageWriter cleanup
INFO: Deleted temporary file data22.dat
Sep 20, 2016 3:55:59 PM com.linkedin.paldb.impl.StorageWriter cleanup
INFO: Deleted temporary file data23.dat
Sep 20, 2016 3:55:59 PM com.linkedin.paldb.impl.StorageWriter cleanup
INFO: Deleted temporary file data24.dat
Sep 20, 2016 3:55:59 PM com.linkedin.paldb.impl.StorageWriter cleanup
INFO: Deleted temporary file data27.dat
Sep 20, 2016 3:55:59 PM com.linkedin.paldb.impl.StorageWriter cleanup
INFO: Deleted temporary file data28.dat
Sep 20, 2016 3:55:59 PM com.linkedin.paldb.impl.StorageWriter cleanup
INFO: Deleted temporary file data29.dat
Sep 20, 2016 3:55:59 PM com.linkedin.paldb.impl.StorageWriter cleanup
INFO: Deleted temporary file data30.dat
Sep 20, 2016 3:55:59 PM com.linkedin.paldb.impl.StorageWriter cleanup
INFO: Deleted temporary file data31.dat
Sep 20, 2016 3:55:59 PM com.linkedin.paldb.impl.StorageWriter cleanup
INFO: Deleted temporary file data32.dat
Sep 20, 2016 3:55:59 PM com.linkedin.paldb.impl.StorageWriter cleanup
INFO: Deleted temporary folder at /var/folders/xh/37l9g3550y1bztlhv6q5ytcw0000gp/T/paldbtempwriter1474408559412-0
Sep 20, 2016 3:55:59 PM com.linkedin.paldb.impl.StoreImpl createReader
INFO: Initialize reader from file id.fc28807b-6953-4c20-bc53-69348d734ef0.db
Sep 20, 2016 3:55:59 PM com.linkedin.paldb.impl.ReaderImpl <init>
INFO: Opening reader storage
Sep 20, 2016 3:55:59 PM com.linkedin.paldb.impl.StorageReader <init>
INFO: Opening file id.fc28807b-6953-4c20-bc53-69348d734ef0.db
Sep 20, 2016 3:55:59 PM com.linkedin.paldb.impl.StorageReader <init>
INFO: Storage metadata
  Created at: 2016.09.20 AD at 15:55:59 MDT
  Format version: PALDB_V1
  Key count: 9060
  Key count for key length 19: 9
  Key count for key length 20: 51
  Key count for key length 22: 81
  Key count for key length 23: 828
  Key count for key length 24: 2091
  Key count for key length 27: 441
  Key count for key length 28: 2508
  Key count for key length 29: 51
  Key count for key length 30: 441
  Key count for key length 31: 2508
  Key count for key length 32: 51
  Index size: 0.34 Mb
  Data size: 0.07 Mb
  Number of memory mapped data buffers: 1
Sep 20, 2016 3:55:59 PM com.linkedin.paldb.impl.StorageCache$DisabledCache <init>
INFO: Cache disabled
60 dependent variable instances
Reconciling dependent variable values
StrongSignal_Both____Iteration1____Inner1 | /Users/srp33/Dropbox/ShinyLearner/AlgorithmScripts/Classification/tsv/sklearn/lda/default | Do a sanity check to make sure that no instances overlap between the training and test sets
StrongSignal_Both____Iteration1____Inner1 | /Users/srp33/Dropbox/ShinyLearner/AlgorithmScripts/Classification/tsv/sklearn/lda/default | Classifying.
StrongSignal_Both____Iteration1____Inner1 | /Users/srp33/Dropbox/ShinyLearner/AlgorithmScripts/Classification/tsv/sklearn/lda/default | /Users/srp33/Dropbox/ShinyLearner/AlgorithmScripts/Classification/tsv/sklearn/lda/default "/var/folders/xh/37l9g3550y1bztlhv6q5ytcw0000gp/T/tmp.w3RanQ18/id.7a5594c3-c417-414f-ab2a-5fa25fe44828.tsv" "/var/folders/xh/37l9g3550y1bztlhv6q5ytcw0000gp/T/tmp.w3RanQ18/id.0e51c248-9965-4a31-9cbf-81a19274c83c.tsv" "cLaSs___1,cLaSs___2,cLaSs___3"
StrongSignal_Both____Iteration1____Inner1 | /Users/srp33/Dropbox/ShinyLearner/AlgorithmScripts/Classification/tsv/sklearn/lda/default | System command:
StrongSignal_Both____Iteration1____Inner1 | /Users/srp33/Dropbox/ShinyLearner/AlgorithmScripts/Classification/tsv/sklearn/lda/default | /Users/srp33/Dropbox/ShinyLearner/AlgorithmScripts/Classification/tsv/sklearn/lda/default "/var/folders/xh/37l9g3550y1bztlhv6q5ytcw0000gp/T/tmp.w3RanQ18/id.7a5594c3-c417-414f-ab2a-5fa25fe44828.tsv" "/var/folders/xh/37l9g3550y1bztlhv6q5ytcw0000gp/T/tmp.w3RanQ18/id.0e51c248-9965-4a31-9cbf-81a19274c83c.tsv" "cLaSs___1,cLaSs___2,cLaSs___3"
StrongSignal_Both____Iteration1____Inner1 | /Users/srp33/Dropbox/ShinyLearner/AlgorithmScripts/Classification/tsv/sklearn/lda/default | cLaSs___1	0.835436878	0.125470031	0.039093091
cLaSs___1	0.930785162	0.010776938	0.058437900
cLaSs___1	0.889901731	0.084573339	0.025524930
cLaSs___1	0.830304845	0.166646516	0.003048639
cLaSs___2	0.411412661	0.588542436	0.000044902
cLaSs___1	0.699965968	0.298813810	0.001220223
cLaSs___2	0.341335927	0.658555070	0.000109003
cLaSs___1	0.927807538	0.050413638	0.021778824
cLaSs___2	0.234286006	0.765680896	0.000033097
cLaSs___3	0.166038097	0.000527389	0.833434513
cLaSs___1	0.967659186	0.017066959	0.015273855
cLaSs___3	0.213853767	0.000663181	0.785483052
cLaSs___3	0.129706588	0.000685797	0.869607614
cLaSs___3	0.269191217	0.000238465	0.730570318
cLaSs___1	0.912419100	0.058414718	0.029166182

StrongSignal_Both____Iteration1____Inner1 | /Users/srp33/Dropbox/ShinyLearner/AlgorithmScripts/Classification/tsv/sklearn/lda/default | cLaSs___1	0.835436878	0.125470031	0.039093091
cLaSs___1	0.930785162	0.010776938	0.058437900
cLaSs___1	0.889901731	0.084573339	0.025524930
cLaSs___1	0.830304845	0.166646516	0.003048639
cLaSs___2	0.411412661	0.588542436	0.000044902
cLaSs___1	0.699965968	0.298813810	0.001220223
cLaSs___2	0.341335927	0.658555070	0.000109003
cLaSs___1	0.927807538	0.050413638	0.021778824
cLaSs___2	0.234286006	0.765680896	0.000033097
cLaSs___3	0.166038097	0.000527389	0.833434513
cLaSs___1	0.967659186	0.017066959	0.015273855
cLaSs___3	0.213853767	0.000663181	0.785483052
cLaSs___3	0.129706588	0.000685797	0.869607614
cLaSs___3	0.269191217	0.000238465	0.730570318
cLaSs___1	0.912419100	0.058414718	0.029166182

StrongSignal_Both____Iteration1____Inner1 | /Users/srp33/Dropbox/ShinyLearner/AlgorithmScripts/Classification/tsv/sklearn/lda/default | 15
StrongSignal_Both____Iteration1____Inner1 | /Users/srp33/Dropbox/ShinyLearner/AlgorithmScripts/Classification/tsv/sklearn/lda/default | 15
StrongSignal_Both____Iteration1____Inner1 | /Users/srp33/Dropbox/ShinyLearner/AlgorithmScripts/Classification/tsv/sklearn/logistic_regression/default | Do a sanity check to make sure that no instances overlap between the training and test sets
StrongSignal_Both____Iteration1____Inner1 | /Users/srp33/Dropbox/ShinyLearner/AlgorithmScripts/Classification/tsv/sklearn/logistic_regression/default | Classifying.
StrongSignal_Both____Iteration1____Inner1 | /Users/srp33/Dropbox/ShinyLearner/AlgorithmScripts/Classification/tsv/sklearn/logistic_regression/default | /Users/srp33/Dropbox/ShinyLearner/AlgorithmScripts/Classification/tsv/sklearn/logistic_regression/default "/var/folders/xh/37l9g3550y1bztlhv6q5ytcw0000gp/T/tmp.w3RanQ18/id.7a5594c3-c417-414f-ab2a-5fa25fe44828.tsv" "/var/folders/xh/37l9g3550y1bztlhv6q5ytcw0000gp/T/tmp.w3RanQ18/id.0e51c248-9965-4a31-9cbf-81a19274c83c.tsv" "cLaSs___1,cLaSs___2,cLaSs___3"
StrongSignal_Both____Iteration1____Inner1 | /Users/srp33/Dropbox/ShinyLearner/AlgorithmScripts/Classification/tsv/sklearn/logistic_regression/default | System command:
StrongSignal_Both____Iteration1____Inner1 | /Users/srp33/Dropbox/ShinyLearner/AlgorithmScripts/Classification/tsv/sklearn/logistic_regression/default | /Users/srp33/Dropbox/ShinyLearner/AlgorithmScripts/Classification/tsv/sklearn/logistic_regression/default "/var/folders/xh/37l9g3550y1bztlhv6q5ytcw0000gp/T/tmp.w3RanQ18/id.7a5594c3-c417-414f-ab2a-5fa25fe44828.tsv" "/var/folders/xh/37l9g3550y1bztlhv6q5ytcw0000gp/T/tmp.w3RanQ18/id.0e51c248-9965-4a31-9cbf-81a19274c83c.tsv" "cLaSs___1,cLaSs___2,cLaSs___3"
StrongSignal_Both____Iteration1____Inner1 | /Users/srp33/Dropbox/ShinyLearner/AlgorithmScripts/Classification/tsv/sklearn/logistic_regression/default | cLaSs___1	0.920284702	0.050458822	0.029256476
cLaSs___1	0.660809445	0.119081312	0.220109242
cLaSs___1	0.782873366	0.169053667	0.048072967
cLaSs___1	0.970764294	0.024922818	0.004312888
cLaSs___1	0.538913564	0.456088120	0.004998316
cLaSs___2	0.419250324	0.574759654	0.005990022
cLaSs___2	0.469708596	0.525775866	0.004515538
cLaSs___1	0.413387195	0.222648831	0.363963974
cLaSs___1	0.525515078	0.473357161	0.001127761
cLaSs___3	0.459408981	0.001353446	0.539237574
cLaSs___1	0.869492990	0.061349600	0.069157410
cLaSs___3	0.373534942	0.003615755	0.622849303
cLaSs___3	0.223619952	0.013740205	0.762639843
cLaSs___3	0.307832664	0.004365544	0.687801792
cLaSs___1	0.884180827	0.055201345	0.060617827

StrongSignal_Both____Iteration1____Inner1 | /Users/srp33/Dropbox/ShinyLearner/AlgorithmScripts/Classification/tsv/sklearn/logistic_regression/default | cLaSs___1	0.920284702	0.050458822	0.029256476
cLaSs___1	0.660809445	0.119081312	0.220109242
cLaSs___1	0.782873366	0.169053667	0.048072967
cLaSs___1	0.970764294	0.024922818	0.004312888
cLaSs___1	0.538913564	0.456088120	0.004998316
cLaSs___2	0.419250324	0.574759654	0.005990022
cLaSs___2	0.469708596	0.525775866	0.004515538
cLaSs___1	0.413387195	0.222648831	0.363963974
cLaSs___1	0.525515078	0.473357161	0.001127761
cLaSs___3	0.459408981	0.001353446	0.539237574
cLaSs___1	0.869492990	0.061349600	0.069157410
cLaSs___3	0.373534942	0.003615755	0.622849303
cLaSs___3	0.223619952	0.013740205	0.762639843
cLaSs___3	0.307832664	0.004365544	0.687801792
cLaSs___1	0.884180827	0.055201345	0.060617827

StrongSignal_Both____Iteration1____Inner1 | /Users/srp33/Dropbox/ShinyLearner/AlgorithmScripts/Classification/tsv/sklearn/logistic_regression/default | 15
StrongSignal_Both____Iteration1____Inner1 | /Users/srp33/Dropbox/ShinyLearner/AlgorithmScripts/Classification/tsv/sklearn/logistic_regression/default | 15
StrongSignal_Both____Iteration1____Inner2 | /Users/srp33/Dropbox/ShinyLearner/AlgorithmScripts/Classification/tsv/sklearn/lda/default | Do a sanity check to make sure that no instances overlap between the training and test sets
StrongSignal_Both____Iteration1____Inner2 | /Users/srp33/Dropbox/ShinyLearner/AlgorithmScripts/Classification/tsv/sklearn/lda/default | Classifying.
StrongSignal_Both____Iteration1____Inner2 | /Users/srp33/Dropbox/ShinyLearner/AlgorithmScripts/Classification/tsv/sklearn/lda/default | /Users/srp33/Dropbox/ShinyLearner/AlgorithmScripts/Classification/tsv/sklearn/lda/default "/var/folders/xh/37l9g3550y1bztlhv6q5ytcw0000gp/T/tmp.w3RanQ18/id.98833ea3-9d4d-4d8a-9d09-f437d85584bf.tsv" "/var/folders/xh/37l9g3550y1bztlhv6q5ytcw0000gp/T/tmp.w3RanQ18/id.c253f382-0e6f-4fdd-8b9b-0cbe8d11b0b6.tsv" "cLaSs___1,cLaSs___2,cLaSs___3"
StrongSignal_Both____Iteration1____Inner2 | /Users/srp33/Dropbox/ShinyLearner/AlgorithmScripts/Classification/tsv/sklearn/lda/default | System command:
StrongSignal_Both____Iteration1____Inner2 | /Users/srp33/Dropbox/ShinyLearner/AlgorithmScripts/Classification/tsv/sklearn/lda/default | /Users/srp33/Dropbox/ShinyLearner/AlgorithmScripts/Classification/tsv/sklearn/lda/default "/var/folders/xh/37l9g3550y1bztlhv6q5ytcw0000gp/T/tmp.w3RanQ18/id.98833ea3-9d4d-4d8a-9d09-f437d85584bf.tsv" "/var/folders/xh/37l9g3550y1bztlhv6q5ytcw0000gp/T/tmp.w3RanQ18/id.c253f382-0e6f-4fdd-8b9b-0cbe8d11b0b6.tsv" "cLaSs___1,cLaSs___2,cLaSs___3"
StrongSignal_Both____Iteration1____Inner2 | /Users/srp33/Dropbox/ShinyLearner/AlgorithmScripts/Classification/tsv/sklearn/lda/default | cLaSs___1	0.577460398	0.371249531	0.051290070
cLaSs___1	0.825964183	0.123570315	0.050465501
cLaSs___1	0.853488591	0.128727188	0.017784221
cLaSs___1	0.803071270	0.175895681	0.021033049
cLaSs___1	0.924266952	0.067269727	0.008463321
cLaSs___1	0.852562820	0.120500053	0.026937127
cLaSs___2	0.411043037	0.586975798	0.001981165
cLaSs___2	0.323780646	0.676164821	0.000054533
cLaSs___2	0.414506383	0.583862878	0.001630739
cLaSs___1	0.539431682	0.459369329	0.001198989
cLaSs___3	0.072026480	0.004163185	0.923810335
cLaSs___1	0.941164144	0.047196309	0.011639548
cLaSs___3	0.228279995	0.006827969	0.764892036
cLaSs___3	0.192241498	0.019900172	0.787858330
cLaSs___3	0.168696955	0.007672906	0.823630139

StrongSignal_Both____Iteration1____Inner2 | /Users/srp33/Dropbox/ShinyLearner/AlgorithmScripts/Classification/tsv/sklearn/lda/default | cLaSs___1	0.577460398	0.371249531	0.051290070
cLaSs___1	0.825964183	0.123570315	0.050465501
cLaSs___1	0.853488591	0.128727188	0.017784221
cLaSs___1	0.803071270	0.175895681	0.021033049
cLaSs___1	0.924266952	0.067269727	0.008463321
cLaSs___1	0.852562820	0.120500053	0.026937127
cLaSs___2	0.411043037	0.586975798	0.001981165
cLaSs___2	0.323780646	0.676164821	0.000054533
cLaSs___2	0.414506383	0.583862878	0.001630739
cLaSs___1	0.539431682	0.459369329	0.001198989
cLaSs___3	0.072026480	0.004163185	0.923810335
cLaSs___1	0.941164144	0.047196309	0.011639548
cLaSs___3	0.228279995	0.006827969	0.764892036
cLaSs___3	0.192241498	0.019900172	0.787858330
cLaSs___3	0.168696955	0.007672906	0.823630139

StrongSignal_Both____Iteration1____Inner2 | /Users/srp33/Dropbox/ShinyLearner/AlgorithmScripts/Classification/tsv/sklearn/lda/default | 15
StrongSignal_Both____Iteration1____Inner2 | /Users/srp33/Dropbox/ShinyLearner/AlgorithmScripts/Classification/tsv/sklearn/lda/default | 15
StrongSignal_Both____Iteration1____Inner2 | /Users/srp33/Dropbox/ShinyLearner/AlgorithmScripts/Classification/tsv/sklearn/logistic_regression/default | Do a sanity check to make sure that no instances overlap between the training and test sets
StrongSignal_Both____Iteration1____Inner2 | /Users/srp33/Dropbox/ShinyLearner/AlgorithmScripts/Classification/tsv/sklearn/logistic_regression/default | Classifying.
StrongSignal_Both____Iteration1____Inner2 | /Users/srp33/Dropbox/ShinyLearner/AlgorithmScripts/Classification/tsv/sklearn/logistic_regression/default | /Users/srp33/Dropbox/ShinyLearner/AlgorithmScripts/Classification/tsv/sklearn/logistic_regression/default "/var/folders/xh/37l9g3550y1bztlhv6q5ytcw0000gp/T/tmp.w3RanQ18/id.98833ea3-9d4d-4d8a-9d09-f437d85584bf.tsv" "/var/folders/xh/37l9g3550y1bztlhv6q5ytcw0000gp/T/tmp.w3RanQ18/id.c253f382-0e6f-4fdd-8b9b-0cbe8d11b0b6.tsv" "cLaSs___1,cLaSs___2,cLaSs___3"
StrongSignal_Both____Iteration1____Inner2 | /Users/srp33/Dropbox/ShinyLearner/AlgorithmScripts/Classification/tsv/sklearn/logistic_regression/default | System command:
StrongSignal_Both____Iteration1____Inner2 | /Users/srp33/Dropbox/ShinyLearner/AlgorithmScripts/Classification/tsv/sklearn/logistic_regression/default | /Users/srp33/Dropbox/ShinyLearner/AlgorithmScripts/Classification/tsv/sklearn/logistic_regression/default "/var/folders/xh/37l9g3550y1bztlhv6q5ytcw0000gp/T/tmp.w3RanQ18/id.98833ea3-9d4d-4d8a-9d09-f437d85584bf.tsv" "/var/folders/xh/37l9g3550y1bztlhv6q5ytcw0000gp/T/tmp.w3RanQ18/id.c253f382-0e6f-4fdd-8b9b-0cbe8d11b0b6.tsv" "cLaSs___1,cLaSs___2,cLaSs___3"
StrongSignal_Both____Iteration1____Inner2 | /Users/srp33/Dropbox/ShinyLearner/AlgorithmScripts/Classification/tsv/sklearn/logistic_regression/default | cLaSs___1	0.843835687	0.074690693	0.081473621
cLaSs___1	0.831685015	0.078511608	0.089803377
cLaSs___1	0.893494453	0.076201531	0.030304015
cLaSs___1	0.805058024	0.106024872	0.088917103
cLaSs___1	0.634106988	0.224237749	0.141655263
cLaSs___1	0.873521318	0.083399140	0.043079543
cLaSs___2	0.420277457	0.571624797	0.008097746
cLaSs___2	0.456130646	0.542938500	0.000930854
cLaSs___2	0.120020056	0.866778300	0.013201644
cLaSs___1	0.561521530	0.437031038	0.001447431
cLaSs___3	0.191174357	0.004784860	0.804040783
cLaSs___1	0.893365459	0.031867699	0.074766841
cLaSs___3	0.134308843	0.013808072	0.851883085
cLaSs___3	0.213650938	0.014529518	0.771819544
cLaSs___3	0.187436845	0.005876668	0.806686487

StrongSignal_Both____Iteration1____Inner2 | /Users/srp33/Dropbox/ShinyLearner/AlgorithmScripts/Classification/tsv/sklearn/logistic_regression/default | cLaSs___1	0.843835687	0.074690693	0.081473621
cLaSs___1	0.831685015	0.078511608	0.089803377
cLaSs___1	0.893494453	0.076201531	0.030304015
cLaSs___1	0.805058024	0.106024872	0.088917103
cLaSs___1	0.634106988	0.224237749	0.141655263
cLaSs___1	0.873521318	0.083399140	0.043079543
cLaSs___2	0.420277457	0.571624797	0.008097746
cLaSs___2	0.456130646	0.542938500	0.000930854
cLaSs___2	0.120020056	0.866778300	0.013201644
cLaSs___1	0.561521530	0.437031038	0.001447431
cLaSs___3	0.191174357	0.004784860	0.804040783
cLaSs___1	0.893365459	0.031867699	0.074766841
cLaSs___3	0.134308843	0.013808072	0.851883085
cLaSs___3	0.213650938	0.014529518	0.771819544
cLaSs___3	0.187436845	0.005876668	0.806686487

StrongSignal_Both____Iteration1____Inner2 | /Users/srp33/Dropbox/ShinyLearner/AlgorithmScripts/Classification/tsv/sklearn/logistic_regression/default | 15
StrongSignal_Both____Iteration1____Inner2 | /Users/srp33/Dropbox/ShinyLearner/AlgorithmScripts/Classification/tsv/sklearn/logistic_regression/default | 15
StrongSignal_Both____Iteration2____Inner1 | /Users/srp33/Dropbox/ShinyLearner/AlgorithmScripts/Classification/tsv/sklearn/lda/default | Do a sanity check to make sure that no instances overlap between the training and test sets
StrongSignal_Both____Iteration2____Inner1 | /Users/srp33/Dropbox/ShinyLearner/AlgorithmScripts/Classification/tsv/sklearn/lda/default | Classifying.
StrongSignal_Both____Iteration2____Inner1 | /Users/srp33/Dropbox/ShinyLearner/AlgorithmScripts/Classification/tsv/sklearn/lda/default | /Users/srp33/Dropbox/ShinyLearner/AlgorithmScripts/Classification/tsv/sklearn/lda/default "/var/folders/xh/37l9g3550y1bztlhv6q5ytcw0000gp/T/tmp.w3RanQ18/id.eadc3979-f431-4118-808f-c2d840026542.tsv" "/var/folders/xh/37l9g3550y1bztlhv6q5ytcw0000gp/T/tmp.w3RanQ18/id.e3cb5a25-428e-4479-b08d-6a1ae7204b6d.tsv" "cLaSs___1,cLaSs___2,cLaSs___3"
StrongSignal_Both____Iteration2____Inner1 | /Users/srp33/Dropbox/ShinyLearner/AlgorithmScripts/Classification/tsv/sklearn/lda/default | System command:
StrongSignal_Both____Iteration2____Inner1 | /Users/srp33/Dropbox/ShinyLearner/AlgorithmScripts/Classification/tsv/sklearn/lda/default | /Users/srp33/Dropbox/ShinyLearner/AlgorithmScripts/Classification/tsv/sklearn/lda/default "/var/folders/xh/37l9g3550y1bztlhv6q5ytcw0000gp/T/tmp.w3RanQ18/id.eadc3979-f431-4118-808f-c2d840026542.tsv" "/var/folders/xh/37l9g3550y1bztlhv6q5ytcw0000gp/T/tmp.w3RanQ18/id.e3cb5a25-428e-4479-b08d-6a1ae7204b6d.tsv" "cLaSs___1,cLaSs___2,cLaSs___3"
StrongSignal_Both____Iteration2____Inner1 | /Users/srp33/Dropbox/ShinyLearner/AlgorithmScripts/Classification/tsv/sklearn/lda/default | cLaSs___1	0.946683742	0.038262920	0.015053337
cLaSs___1	0.805049936	0.141605153	0.053344911
cLaSs___1	0.895906161	0.090285996	0.013807844
cLaSs___1	0.929862246	0.002762028	0.067375726
cLaSs___1	0.750823541	0.002315998	0.246860461
cLaSs___1	0.912435273	0.032092052	0.055472675
cLaSs___2	0.196687987	0.803119183	0.000192830
cLaSs___2	0.467374867	0.527544191	0.005080942
cLaSs___2	0.140454904	0.859498261	0.000046835
cLaSs___2	0.331240176	0.668408308	0.000351516
cLaSs___1	0.943188533	0.038168422	0.018643045
cLaSs___3	0.345295585	0.000095606	0.654608809
cLaSs___3	0.320576032	0.000010432	0.679413535
cLaSs___3	0.237713636	0.000234036	0.762052328
cLaSs___3	0.291911080	0.000055463	0.708033457

StrongSignal_Both____Iteration2____Inner1 | /Users/srp33/Dropbox/ShinyLearner/AlgorithmScripts/Classification/tsv/sklearn/lda/default | cLaSs___1	0.946683742	0.038262920	0.015053337
cLaSs___1	0.805049936	0.141605153	0.053344911
cLaSs___1	0.895906161	0.090285996	0.013807844
cLaSs___1	0.929862246	0.002762028	0.067375726
cLaSs___1	0.750823541	0.002315998	0.246860461
cLaSs___1	0.912435273	0.032092052	0.055472675
cLaSs___2	0.196687987	0.803119183	0.000192830
cLaSs___2	0.467374867	0.527544191	0.005080942
cLaSs___2	0.140454904	0.859498261	0.000046835
cLaSs___2	0.331240176	0.668408308	0.000351516
cLaSs___1	0.943188533	0.038168422	0.018643045
cLaSs___3	0.345295585	0.000095606	0.654608809
cLaSs___3	0.320576032	0.000010432	0.679413535
cLaSs___3	0.237713636	0.000234036	0.762052328
cLaSs___3	0.291911080	0.000055463	0.708033457

StrongSignal_Both____Iteration2____Inner1 | /Users/srp33/Dropbox/ShinyLearner/AlgorithmScripts/Classification/tsv/sklearn/lda/default | 15
StrongSignal_Both____Iteration2____Inner1 | /Users/srp33/Dropbox/ShinyLearner/AlgorithmScripts/Classification/tsv/sklearn/lda/default | 15
StrongSignal_Both____Iteration2____Inner1 | /Users/srp33/Dropbox/ShinyLearner/AlgorithmScripts/Classification/tsv/sklearn/logistic_regression/default | Do a sanity check to make sure that no instances overlap between the training and test sets
StrongSignal_Both____Iteration2____Inner1 | /Users/srp33/Dropbox/ShinyLearner/AlgorithmScripts/Classification/tsv/sklearn/logistic_regression/default | Classifying.
StrongSignal_Both____Iteration2____Inner1 | /Users/srp33/Dropbox/ShinyLearner/AlgorithmScripts/Classification/tsv/sklearn/logistic_regression/default | /Users/srp33/Dropbox/ShinyLearner/AlgorithmScripts/Classification/tsv/sklearn/logistic_regression/default "/var/folders/xh/37l9g3550y1bztlhv6q5ytcw0000gp/T/tmp.w3RanQ18/id.eadc3979-f431-4118-808f-c2d840026542.tsv" "/var/folders/xh/37l9g3550y1bztlhv6q5ytcw0000gp/T/tmp.w3RanQ18/id.e3cb5a25-428e-4479-b08d-6a1ae7204b6d.tsv" "cLaSs___1,cLaSs___2,cLaSs___3"
StrongSignal_Both____Iteration2____Inner1 | /Users/srp33/Dropbox/ShinyLearner/AlgorithmScripts/Classification/tsv/sklearn/logistic_regression/default | System command:
StrongSignal_Both____Iteration2____Inner1 | /Users/srp33/Dropbox/ShinyLearner/AlgorithmScripts/Classification/tsv/sklearn/logistic_regression/default | /Users/srp33/Dropbox/ShinyLearner/AlgorithmScripts/Classification/tsv/sklearn/logistic_regression/default "/var/folders/xh/37l9g3550y1bztlhv6q5ytcw0000gp/T/tmp.w3RanQ18/id.eadc3979-f431-4118-808f-c2d840026542.tsv" "/var/folders/xh/37l9g3550y1bztlhv6q5ytcw0000gp/T/tmp.w3RanQ18/id.e3cb5a25-428e-4479-b08d-6a1ae7204b6d.tsv" "cLaSs___1,cLaSs___2,cLaSs___3"
StrongSignal_Both____Iteration2____Inner1 | /Users/srp33/Dropbox/ShinyLearner/AlgorithmScripts/Classification/tsv/sklearn/logistic_regression/default | cLaSs___1	0.923333640	0.038502184	0.038164176
cLaSs___1	0.641728467	0.235193963	0.123077570
cLaSs___1	0.703910039	0.095953018	0.200136943
cLaSs___1	0.381133948	0.274873520	0.343992533
cLaSs___1	0.909613952	0.029548682	0.060837365
cLaSs___1	0.779605450	0.060156873	0.160237677
cLaSs___2	0.064366654	0.898904555	0.036728790
cLaSs___2	0.226835062	0.761824534	0.011340404
cLaSs___2	0.289400587	0.702397326	0.008202087
cLaSs___2	0.127065380	0.839093212	0.033841408
cLaSs___1	0.836148999	0.029403045	0.134447956
cLaSs___3	0.069439525	0.013652805	0.916907670
cLaSs___3	0.199132312	0.003890085	0.796977603
cLaSs___3	0.159918807	0.003983560	0.836097633
cLaSs___1	0.546633563	0.001193285	0.452173152

StrongSignal_Both____Iteration2____Inner1 | /Users/srp33/Dropbox/ShinyLearner/AlgorithmScripts/Classification/tsv/sklearn/logistic_regression/default | cLaSs___1	0.923333640	0.038502184	0.038164176
cLaSs___1	0.641728467	0.235193963	0.123077570
cLaSs___1	0.703910039	0.095953018	0.200136943
cLaSs___1	0.381133948	0.274873520	0.343992533
cLaSs___1	0.909613952	0.029548682	0.060837365
cLaSs___1	0.779605450	0.060156873	0.160237677
cLaSs___2	0.064366654	0.898904555	0.036728790
cLaSs___2	0.226835062	0.761824534	0.011340404
cLaSs___2	0.289400587	0.702397326	0.008202087
cLaSs___2	0.127065380	0.839093212	0.033841408
cLaSs___1	0.836148999	0.029403045	0.134447956
cLaSs___3	0.069439525	0.013652805	0.916907670
cLaSs___3	0.199132312	0.003890085	0.796977603
cLaSs___3	0.159918807	0.003983560	0.836097633
cLaSs___1	0.546633563	0.001193285	0.452173152

StrongSignal_Both____Iteration2____Inner1 | /Users/srp33/Dropbox/ShinyLearner/AlgorithmScripts/Classification/tsv/sklearn/logistic_regression/default | 15
StrongSignal_Both____Iteration2____Inner1 | /Users/srp33/Dropbox/ShinyLearner/AlgorithmScripts/Classification/tsv/sklearn/logistic_regression/default | 15
StrongSignal_Both____Iteration2____Inner2 | /Users/srp33/Dropbox/ShinyLearner/AlgorithmScripts/Classification/tsv/sklearn/lda/default | Do a sanity check to make sure that no instances overlap between the training and test sets
StrongSignal_Both____Iteration2____Inner2 | /Users/srp33/Dropbox/ShinyLearner/AlgorithmScripts/Classification/tsv/sklearn/lda/default | Classifying.
StrongSignal_Both____Iteration2____Inner2 | /Users/srp33/Dropbox/ShinyLearner/AlgorithmScripts/Classification/tsv/sklearn/lda/default | /Users/srp33/Dropbox/ShinyLearner/AlgorithmScripts/Classification/tsv/sklearn/lda/default "/var/folders/xh/37l9g3550y1bztlhv6q5ytcw0000gp/T/tmp.w3RanQ18/id.fdf5386f-1380-48c8-b512-a3627981b748.tsv" "/var/folders/xh/37l9g3550y1bztlhv6q5ytcw0000gp/T/tmp.w3RanQ18/id.2a4511d8-8b89-4c82-b62e-b12874a7d332.tsv" "cLaSs___1,cLaSs___2,cLaSs___3"
StrongSignal_Both____Iteration2____Inner2 | /Users/srp33/Dropbox/ShinyLearner/AlgorithmScripts/Classification/tsv/sklearn/lda/default | System command:
StrongSignal_Both____Iteration2____Inner2 | /Users/srp33/Dropbox/ShinyLearner/AlgorithmScripts/Classification/tsv/sklearn/lda/default | /Users/srp33/Dropbox/ShinyLearner/AlgorithmScripts/Classification/tsv/sklearn/lda/default "/var/folders/xh/37l9g3550y1bztlhv6q5ytcw0000gp/T/tmp.w3RanQ18/id.fdf5386f-1380-48c8-b512-a3627981b748.tsv" "/var/folders/xh/37l9g3550y1bztlhv6q5ytcw0000gp/T/tmp.w3RanQ18/id.2a4511d8-8b89-4c82-b62e-b12874a7d332.tsv" "cLaSs___1,cLaSs___2,cLaSs___3"
StrongSignal_Both____Iteration2____Inner2 | /Users/srp33/Dropbox/ShinyLearner/AlgorithmScripts/Classification/tsv/sklearn/lda/default | cLaSs___2	0.404174989	0.586123669	0.009701342
cLaSs___1	0.790446300	0.033493302	0.176060398
cLaSs___1	0.887335537	0.079299792	0.033364671
cLaSs___1	0.906325010	0.009394501	0.084280489
cLaSs___1	0.879187302	0.031809916	0.089002783
cLaSs___1	0.883091361	0.028491074	0.088417565
cLaSs___1	0.551603561	0.447515239	0.000881200
cLaSs___2	0.399686875	0.588955481	0.011357644
cLaSs___2	0.422836679	0.575840255	0.001323065
cLaSs___2	0.259777225	0.739615362	0.000607413
cLaSs___3	0.404694793	0.004408518	0.590896689
cLaSs___3	0.301693836	0.000417258	0.697888905
cLaSs___3	0.178752238	0.000095984	0.821151778
cLaSs___1	0.544135821	0.002039926	0.453824254
cLaSs___1	0.828233417	0.166847164	0.004919419

StrongSignal_Both____Iteration2____Inner2 | /Users/srp33/Dropbox/ShinyLearner/AlgorithmScripts/Classification/tsv/sklearn/lda/default | cLaSs___2	0.404174989	0.586123669	0.009701342
cLaSs___1	0.790446300	0.033493302	0.176060398
cLaSs___1	0.887335537	0.079299792	0.033364671
cLaSs___1	0.906325010	0.009394501	0.084280489
cLaSs___1	0.879187302	0.031809916	0.089002783
cLaSs___1	0.883091361	0.028491074	0.088417565
cLaSs___1	0.551603561	0.447515239	0.000881200
cLaSs___2	0.399686875	0.588955481	0.011357644
cLaSs___2	0.422836679	0.575840255	0.001323065
cLaSs___2	0.259777225	0.739615362	0.000607413
cLaSs___3	0.404694793	0.004408518	0.590896689
cLaSs___3	0.301693836	0.000417258	0.697888905
cLaSs___3	0.178752238	0.000095984	0.821151778
cLaSs___1	0.544135821	0.002039926	0.453824254
cLaSs___1	0.828233417	0.166847164	0.004919419

StrongSignal_Both____Iteration2____Inner2 | /Users/srp33/Dropbox/ShinyLearner/AlgorithmScripts/Classification/tsv/sklearn/lda/default | 15
StrongSignal_Both____Iteration2____Inner2 | /Users/srp33/Dropbox/ShinyLearner/AlgorithmScripts/Classification/tsv/sklearn/lda/default | 15
StrongSignal_Both____Iteration2____Inner2 | /Users/srp33/Dropbox/ShinyLearner/AlgorithmScripts/Classification/tsv/sklearn/logistic_regression/default | Do a sanity check to make sure that no instances overlap between the training and test sets
StrongSignal_Both____Iteration2____Inner2 | /Users/srp33/Dropbox/ShinyLearner/AlgorithmScripts/Classification/tsv/sklearn/logistic_regression/default | Classifying.
StrongSignal_Both____Iteration2____Inner2 | /Users/srp33/Dropbox/ShinyLearner/AlgorithmScripts/Classification/tsv/sklearn/logistic_regression/default | /Users/srp33/Dropbox/ShinyLearner/AlgorithmScripts/Classification/tsv/sklearn/logistic_regression/default "/var/folders/xh/37l9g3550y1bztlhv6q5ytcw0000gp/T/tmp.w3RanQ18/id.fdf5386f-1380-48c8-b512-a3627981b748.tsv" "/var/folders/xh/37l9g3550y1bztlhv6q5ytcw0000gp/T/tmp.w3RanQ18/id.2a4511d8-8b89-4c82-b62e-b12874a7d332.tsv" "cLaSs___1,cLaSs___2,cLaSs___3"
StrongSignal_Both____Iteration2____Inner2 | /Users/srp33/Dropbox/ShinyLearner/AlgorithmScripts/Classification/tsv/sklearn/logistic_regression/default | System command:
StrongSignal_Both____Iteration2____Inner2 | /Users/srp33/Dropbox/ShinyLearner/AlgorithmScripts/Classification/tsv/sklearn/logistic_regression/default | /Users/srp33/Dropbox/ShinyLearner/AlgorithmScripts/Classification/tsv/sklearn/logistic_regression/default "/var/folders/xh/37l9g3550y1bztlhv6q5ytcw0000gp/T/tmp.w3RanQ18/id.fdf5386f-1380-48c8-b512-a3627981b748.tsv" "/var/folders/xh/37l9g3550y1bztlhv6q5ytcw0000gp/T/tmp.w3RanQ18/id.2a4511d8-8b89-4c82-b62e-b12874a7d332.tsv" "cLaSs___1,cLaSs___2,cLaSs___3"
StrongSignal_Both____Iteration2____Inner2 | /Users/srp33/Dropbox/ShinyLearner/AlgorithmScripts/Classification/tsv/sklearn/logistic_regression/default | cLaSs___2	0.426504162	0.493731177	0.079764661
cLaSs___1	0.884127638	0.061590536	0.054281826
cLaSs___1	0.830592768	0.072669286	0.096737946
cLaSs___1	0.480036206	0.283303438	0.236660356
cLaSs___1	0.831144493	0.051543553	0.117311954
cLaSs___1	0.774666956	0.113726414	0.111606630
cLaSs___2	0.146455273	0.826183958	0.027360769
cLaSs___2	0.257198839	0.737005021	0.005796140
cLaSs___2	0.240829461	0.661575280	0.097595258
cLaSs___1	0.647545307	0.339626732	0.012827961
cLaSs___3	0.012296112	0.034025557	0.953678330
cLaSs___3	0.254885124	0.010823610	0.734291266
cLaSs___3	0.078528618	0.014031739	0.907439643
cLaSs___3	0.141790254	0.018831687	0.839378059
cLaSs___1	0.874032015	0.015720432	0.110247553

StrongSignal_Both____Iteration2____Inner2 | /Users/srp33/Dropbox/ShinyLearner/AlgorithmScripts/Classification/tsv/sklearn/logistic_regression/default | cLaSs___2	0.426504162	0.493731177	0.079764661
cLaSs___1	0.884127638	0.061590536	0.054281826
cLaSs___1	0.830592768	0.072669286	0.096737946
cLaSs___1	0.480036206	0.283303438	0.236660356
cLaSs___1	0.831144493	0.051543553	0.117311954
cLaSs___1	0.774666956	0.113726414	0.111606630
cLaSs___2	0.146455273	0.826183958	0.027360769
cLaSs___2	0.257198839	0.737005021	0.005796140
cLaSs___2	0.240829461	0.661575280	0.097595258
cLaSs___1	0.647545307	0.339626732	0.012827961
cLaSs___3	0.012296112	0.034025557	0.953678330
cLaSs___3	0.254885124	0.010823610	0.734291266
cLaSs___3	0.078528618	0.014031739	0.907439643
cLaSs___3	0.141790254	0.018831687	0.839378059
cLaSs___1	0.874032015	0.015720432	0.110247553

StrongSignal_Both____Iteration2____Inner2 | /Users/srp33/Dropbox/ShinyLearner/AlgorithmScripts/Classification/tsv/sklearn/logistic_regression/default | 15
StrongSignal_Both____Iteration2____Inner2 | /Users/srp33/Dropbox/ShinyLearner/AlgorithmScripts/Classification/tsv/sklearn/logistic_regression/default | 15
Sep 20, 2016 3:56:06 PM com.linkedin.paldb.impl.ReaderImpl close
INFO: Closing reader storage
StrongSignal_Both____Iteration2____Inner2 | /Users/srp33/Dropbox/ShinyLearner/AlgorithmScripts/Classification/tsv/sklearn/logistic_regression/default | Successfully completed!
WARNING: ignoring environment value of R_HOME
WARNING: ignoring environment value of R_HOME
Joining, by = "Description"
System command:
ls /Users/srp33/Dropbox/ShinyLearner/Validation/StrongSignal_Both.tsv.gz
Sep 20, 2016 3:56:08 PM com.linkedin.paldb.impl.StoreImpl createWriter
INFO: Initialize writer from file id.2f07eeca-e3da-4939-962a-a4eaea3d5a81.db
Sep 20, 2016 3:56:08 PM com.linkedin.paldb.impl.WriterImpl <init>
INFO: Opening writer storage
Sep 20, 2016 3:56:08 PM com.linkedin.paldb.impl.StorageWriter <init>
